(kicad_pcb (version 20171130) (host pcbnew 5.0.0-4.fc29)

  (general
    (thickness 1.6)
    (drawings 35)
    (tracks 3482)
    (zones 0)
    (modules 269)
    (nets 191)
  )

  (page User 200 150.012)
  (title_block
    (title Powerboard)
    (date 2018-12-01)
    (rev rev11)
    (company VIPER)
  )

  (layers
    (0 F.Cu signal)
    (31 B.Cu signal)
    (32 B.Adhes user)
    (33 F.Adhes user)
    (34 B.Paste user)
    (35 F.Paste user)
    (36 B.SilkS user)
    (37 F.SilkS user)
    (38 B.Mask user)
    (39 F.Mask user)
    (40 Dwgs.User user)
    (41 Cmts.User user)
    (42 Eco1.User user)
    (43 Eco2.User user)
    (44 Edge.Cuts user)
    (45 Margin user)
    (46 B.CrtYd user)
    (47 F.CrtYd user)
    (48 B.Fab user hide)
    (49 F.Fab user hide)
  )

  (setup
    (last_trace_width 0.75)
    (user_trace_width 0.15)
    (user_trace_width 0.2)
    (user_trace_width 0.25)
    (user_trace_width 0.3)
    (user_trace_width 0.4)
    (user_trace_width 0.5)
    (user_trace_width 0.75)
    (user_trace_width 1)
    (trace_clearance 0.2)
    (zone_clearance 0.3)
    (zone_45_only no)
    (trace_min 0.1)
    (segment_width 0.2)
    (edge_width 0.15)
    (via_size 0.6)
    (via_drill 0.4)
    (via_min_size 0.4)
    (via_min_drill 0.3)
    (user_via 0.5 0.3)
    (user_via 0.6 0.4)
    (user_via 0.8 0.6)
    (user_via 1.1 0.75)
    (uvia_size 0.3)
    (uvia_drill 0.1)
    (uvias_allowed no)
    (uvia_min_size 0.2)
    (uvia_min_drill 0.1)
    (pcb_text_width 0.3)
    (pcb_text_size 1.5 1.5)
    (mod_edge_width 0.15)
    (mod_text_size 1 1)
    (mod_text_width 0.15)
    (pad_size 1.2 3)
    (pad_drill 0)
    (pad_to_mask_clearance 0.05)
    (aux_axis_origin 0 0)
    (visible_elements FFFFFF7F)
    (pcbplotparams
      (layerselection 0x010fc_80000001)
      (usegerberextensions true)
      (usegerberattributes false)
      (usegerberadvancedattributes false)
      (creategerberjobfile false)
      (excludeedgelayer true)
      (linewidth 0.100000)
      (plotframeref false)
      (viasonmask false)
      (mode 1)
      (useauxorigin false)
      (hpglpennumber 1)
      (hpglpenspeed 20)
      (hpglpendiameter 15.000000)
      (psnegative false)
      (psa4output false)
      (plotreference true)
      (plotvalue true)
      (plotinvisibletext false)
      (padsonsilk false)
      (subtractmaskfromsilk false)
      (outputformat 1)
      (mirror false)
      (drillshape 0)
      (scaleselection 1)
      (outputdirectory "gerber/"))
  )

  (net 0 "")
  (net 1 "/Powerboard Battery Charging/charge_power")
  (net 2 GND)
  (net 3 /RXSM_28V)
  (net 4 +5V)
  (net 5 "/Powerboard Motor Controller/V_IN")
  (net 6 +3V3)
  (net 7 "Net-(C203-Pad1)")
  (net 8 "Net-(C204-Pad2)")
  (net 9 "/Powerboard Motor Controller/VREG")
  (net 10 "Net-(C308-Pad1)")
  (net 11 "Net-(C308-Pad2)")
  (net 12 "Net-(C309-Pad1)")
  (net 13 "Net-(C309-Pad2)")
  (net 14 "Net-(C310-Pad1)")
  (net 15 "Net-(C310-Pad2)")
  (net 16 "Net-(C502-Pad1)")
  (net 17 "Net-(C503-Pad1)")
  (net 18 "Net-(C504-Pad1)")
  (net 19 /BAT_raw)
  (net 20 "Net-(C1002-Pad1)")
  (net 21 "Net-(C1002-Pad2)")
  (net 22 "Net-(C1003-Pad1)")
  (net 23 "Net-(C1101-Pad1)")
  (net 24 "Net-(C1102-Pad1)")
  (net 25 "Net-(C1103-Pad1)")
  (net 26 "Net-(C1104-Pad1)")
  (net 27 /Powerboard_ADC/IN0)
  (net 28 "Net-(C1105-Pad2)")
  (net 29 /Powerboard_ADC/IN1)
  (net 30 "Net-(C1106-Pad2)")
  (net 31 /Powerboard_ADC/IN2)
  (net 32 "Net-(C1107-Pad2)")
  (net 33 /Powerboard_ADC/IN3)
  (net 34 "Net-(C1108-Pad2)")
  (net 35 "Net-(C1109-Pad1)")
  (net 36 "Net-(C1110-Pad1)")
  (net 37 "Net-(C1111-Pad1)")
  (net 38 "Net-(C1112-Pad1)")
  (net 39 /Powerboard_ADC/IN4)
  (net 40 "Net-(C1113-Pad2)")
  (net 41 /Powerboard_ADC/IN5)
  (net 42 "Net-(C1114-Pad2)")
  (net 43 /Powerboard_ADC/IN6)
  (net 44 "Net-(C1115-Pad2)")
  (net 45 /Powerboard_ADC/IN7)
  (net 46 "Net-(C1116-Pad2)")
  (net 47 "Net-(D301-Pad1)")
  (net 48 "Net-(D302-Pad1)")
  (net 49 /RXSM_RX_~Z)
  (net 50 /RXSM_RX_Y)
  (net 51 /RXSM_RX_~B)
  (net 52 /RXSM_RX_A)
  (net 53 "Net-(D1001-Pad2)")
  (net 54 /RXSM_Ground)
  (net 55 /RXSM_power)
  (net 56 /RXSM_charge+)
  (net 57 "Net-(FL701-Pad1)")
  (net 58 "Net-(FL702-Pad1)")
  (net 59 /RXSM_SODS)
  (net 60 /RXSM_SOE)
  (net 61 /RXSM_LO)
  (net 62 /EndSwitch)
  (net 63 /Probe1_EN)
  (net 64 /Probe2_EN)
  (net 65 /Probe3_EN)
  (net 66 /Charge_EN)
  (net 67 /Charge_status)
  (net 68 /Cam_Light_EN)
  (net 69 /Lens_Heat_EN)
  (net 70 /Boost24V_EN)
  (net 71 /LO)
  (net 72 /SOE)
  (net 73 /SODS)
  (net 74 /Encoder_A)
  (net 75 /Encoder_B)
  (net 76 /Hall_U)
  (net 77 /Hall_V)
  (net 78 /Hall_W)
  (net 79 /TX)
  (net 80 /RX)
  (net 81 "Net-(J103-Pad3)")
  (net 82 /Powerboard_LED_driver/LED_OUT)
  (net 83 /Encoder_A-)
  (net 84 /Encoder_B-)
  (net 85 /Encoder_A+)
  (net 86 /Encoder_B+)
  (net 87 /BAT_10V)
  (net 88 "/Powerboard Battery Charging/bat_sense")
  (net 89 "Net-(Q101-Pad1)")
  (net 90 "Net-(Q102-Pad1)")
  (net 91 "Net-(Q104-Pad1)")
  (net 92 "/Powerboard Battery Charging/bat_bgate")
  (net 93 "/Powerboard Battery Charging/bat_tgate")
  (net 94 /Powerboard_Heat_Probes/Probe1)
  (net 95 "Net-(Q801-Pad4)")
  (net 96 /Powerboard_Heat_Probes/Probe2)
  (net 97 "Net-(Q802-Pad4)")
  (net 98 /Powerboard_Heat_Probes/Probe3)
  (net 99 "Net-(Q803-Pad4)")
  (net 100 /Powerboard_ADC_Filter/IN5)
  (net 101 /Powerboard_ADC_Filter/IN6)
  (net 102 /Powerboard_ADC_Filter/IN7)
  (net 103 "Net-(R201-Pad2)")
  (net 104 "Net-(R203-Pad1)")
  (net 105 "Net-(R303-Pad1)")
  (net 106 "Net-(R505-Pad1)")
  (net 107 "Net-(R506-Pad1)")
  (net 108 "Net-(R604-Pad2)")
  (net 109 "Net-(R605-Pad2)")
  (net 110 "Net-(R606-Pad2)")
  (net 111 "Net-(R1001-Pad1)")
  (net 112 "Net-(R1002-Pad1)")
  (net 113 /Probe1_Current)
  (net 114 /Probe2_Current)
  (net 115 /Probe3_Current)
  (net 116 "Net-(U302-Pad23)")
  (net 117 +2V5)
  (net 118 /24V_BAT_1)
  (net 119 /24V_BAT_2)
  (net 120 /24V_BAT_3)
  (net 121 /Powerboard_ADC_Filter/IN4)
  (net 122 /RXSM_charge-)
  (net 123 /extADC_SPI_SCK)
  (net 124 /extADC_SPI_MISO)
  (net 125 /extADC_SPI_MOSI)
  (net 126 /extADC_SPI_CS1)
  (net 127 "Net-(FL701-Pad4)")
  (net 128 "Net-(FL702-Pad4)")
  (net 129 "Net-(J112-Pad1)")
  (net 130 "Net-(J113-Pad1)")
  (net 131 "Net-(J114-Pad1)")
  (net 132 "Net-(J115-Pad1)")
  (net 133 "Net-(J117-Pad1)")
  (net 134 /Phase_V)
  (net 135 /Phase_W)
  (net 136 /Phase_U)
  (net 137 /Motor_U_P)
  (net 138 /Motor_U_N)
  (net 139 /Motor_V_P)
  (net 140 /Motor_V_N)
  (net 141 /Motor_W_P)
  (net 142 /Motor_W_N)
  (net 143 /Motor1_Current)
  (net 144 "Net-(J104-Pad5)")
  (net 145 /Powerboard_Heat_Probes/Probe1_sense)
  (net 146 /Powerboard_Heat_Probes/Probe2_sense)
  (net 147 /Powerboard_Heat_Probes/Probe3_sense)
  (net 148 "/Powerboard Battery Charging/bat_inductor")
  (net 149 "Net-(C319-Pad1)")
  (net 150 "Net-(C804-Pad1)")
  (net 151 "Net-(C805-Pad1)")
  (net 152 "Net-(C806-Pad1)")
  (net 153 GNDPWR)
  (net 154 "Net-(D101-Pad2)")
  (net 155 "Net-(D102-Pad2)")
  (net 156 "Net-(D103-Pad2)")
  (net 157 "Net-(D801-Pad2)")
  (net 158 "Net-(D802-Pad2)")
  (net 159 "Net-(D803-Pad2)")
  (net 160 +12V)
  (net 161 /Powerboard_MOSFET_Driver/OUT_A)
  (net 162 /Powerboard_MOSFET_Driver/OUT_B)
  (net 163 /Powerboard_MOSFET_Driver/OUT_C)
  (net 164 "Net-(D301-Pad2)")
  (net 165 "Net-(D302-Pad2)")
  (net 166 /Encoder_A_filter)
  (net 167 /Encoder_B_filter)
  (net 168 "Net-(C1001-Pad2)")
  (net 169 "Net-(D1002-Pad1)")
  (net 170 "Net-(J103-Pad6)")
  (net 171 "Net-(Q103-Pad1)")
  (net 172 /Hall_U_filter)
  (net 173 /Hall_V_filter)
  (net 174 /Hall_W_filter)
  (net 175 "Net-(U1201-Pad12)")
  (net 176 "Net-(U1201-Pad13)")
  (net 177 "Net-(U501-Pad1)")
  (net 178 "Net-(U501-Pad16)")
  (net 179 "Net-(U102-Pad9)")
  (net 180 "Net-(U102-Pad10)")
  (net 181 "Net-(U102-Pad11)")
  (net 182 "Net-(U102-Pad13)")
  (net 183 "Net-(U102-Pad14)")
  (net 184 "Net-(U102-Pad15)")
  (net 185 "Net-(U701-Pad7)")
  (net 186 "Net-(U701-Pad13)")
  (net 187 "Net-(J103-Pad1)")
  (net 188 "Net-(J103-Pad2)")
  (net 189 "Net-(J101-Pad10)")
  (net 190 "Net-(J101-Pad11)")

  (net_class Default "This is the default net class."
    (clearance 0.2)
    (trace_width 0.25)
    (via_dia 0.6)
    (via_drill 0.4)
    (uvia_dia 0.3)
    (uvia_drill 0.1)
    (add_net +12V)
    (add_net +2V5)
    (add_net +3V3)
    (add_net +5V)
    (add_net /24V_BAT_1)
    (add_net /24V_BAT_2)
    (add_net /24V_BAT_3)
    (add_net /BAT_10V)
    (add_net /BAT_raw)
    (add_net /Boost24V_EN)
    (add_net /Cam_Light_EN)
    (add_net /Charge_EN)
    (add_net /Charge_status)
    (add_net /Encoder_A)
    (add_net /Encoder_A+)
    (add_net /Encoder_A-)
    (add_net /Encoder_A_filter)
    (add_net /Encoder_B)
    (add_net /Encoder_B+)
    (add_net /Encoder_B-)
    (add_net /Encoder_B_filter)
    (add_net /EndSwitch)
    (add_net /Hall_U)
    (add_net /Hall_U_filter)
    (add_net /Hall_V)
    (add_net /Hall_V_filter)
    (add_net /Hall_W)
    (add_net /Hall_W_filter)
    (add_net /LO)
    (add_net /Lens_Heat_EN)
    (add_net /Motor1_Current)
    (add_net /Motor_U_N)
    (add_net /Motor_U_P)
    (add_net /Motor_V_N)
    (add_net /Motor_V_P)
    (add_net /Motor_W_N)
    (add_net /Motor_W_P)
    (add_net /Phase_U)
    (add_net /Phase_V)
    (add_net /Phase_W)
    (add_net "/Powerboard Battery Charging/bat_bgate")
    (add_net "/Powerboard Battery Charging/bat_inductor")
    (add_net "/Powerboard Battery Charging/bat_sense")
    (add_net "/Powerboard Battery Charging/bat_tgate")
    (add_net "/Powerboard Battery Charging/charge_power")
    (add_net "/Powerboard Motor Controller/VREG")
    (add_net "/Powerboard Motor Controller/V_IN")
    (add_net /Powerboard_ADC/IN0)
    (add_net /Powerboard_ADC/IN1)
    (add_net /Powerboard_ADC/IN2)
    (add_net /Powerboard_ADC/IN3)
    (add_net /Powerboard_ADC/IN4)
    (add_net /Powerboard_ADC/IN5)
    (add_net /Powerboard_ADC/IN6)
    (add_net /Powerboard_ADC/IN7)
    (add_net /Powerboard_ADC_Filter/IN4)
    (add_net /Powerboard_ADC_Filter/IN5)
    (add_net /Powerboard_ADC_Filter/IN6)
    (add_net /Powerboard_ADC_Filter/IN7)
    (add_net /Powerboard_Heat_Probes/Probe1)
    (add_net /Powerboard_Heat_Probes/Probe1_sense)
    (add_net /Powerboard_Heat_Probes/Probe2)
    (add_net /Powerboard_Heat_Probes/Probe2_sense)
    (add_net /Powerboard_Heat_Probes/Probe3)
    (add_net /Powerboard_Heat_Probes/Probe3_sense)
    (add_net /Powerboard_LED_driver/LED_OUT)
    (add_net /Powerboard_MOSFET_Driver/OUT_A)
    (add_net /Powerboard_MOSFET_Driver/OUT_B)
    (add_net /Powerboard_MOSFET_Driver/OUT_C)
    (add_net /Probe1_Current)
    (add_net /Probe1_EN)
    (add_net /Probe2_Current)
    (add_net /Probe2_EN)
    (add_net /Probe3_Current)
    (add_net /Probe3_EN)
    (add_net /RX)
    (add_net /RXSM_28V)
    (add_net /RXSM_Ground)
    (add_net /RXSM_LO)
    (add_net /RXSM_RX_A)
    (add_net /RXSM_RX_Y)
    (add_net /RXSM_RX_~B)
    (add_net /RXSM_RX_~Z)
    (add_net /RXSM_SODS)
    (add_net /RXSM_SOE)
    (add_net /RXSM_charge+)
    (add_net /RXSM_charge-)
    (add_net /RXSM_power)
    (add_net /SODS)
    (add_net /SOE)
    (add_net /TX)
    (add_net /extADC_SPI_CS1)
    (add_net /extADC_SPI_MISO)
    (add_net /extADC_SPI_MOSI)
    (add_net /extADC_SPI_SCK)
    (add_net GND)
    (add_net GNDPWR)
    (add_net "Net-(C1001-Pad2)")
    (add_net "Net-(C1002-Pad1)")
    (add_net "Net-(C1002-Pad2)")
    (add_net "Net-(C1003-Pad1)")
    (add_net "Net-(C1101-Pad1)")
    (add_net "Net-(C1102-Pad1)")
    (add_net "Net-(C1103-Pad1)")
    (add_net "Net-(C1104-Pad1)")
    (add_net "Net-(C1105-Pad2)")
    (add_net "Net-(C1106-Pad2)")
    (add_net "Net-(C1107-Pad2)")
    (add_net "Net-(C1108-Pad2)")
    (add_net "Net-(C1109-Pad1)")
    (add_net "Net-(C1110-Pad1)")
    (add_net "Net-(C1111-Pad1)")
    (add_net "Net-(C1112-Pad1)")
    (add_net "Net-(C1113-Pad2)")
    (add_net "Net-(C1114-Pad2)")
    (add_net "Net-(C1115-Pad2)")
    (add_net "Net-(C1116-Pad2)")
    (add_net "Net-(C203-Pad1)")
    (add_net "Net-(C204-Pad2)")
    (add_net "Net-(C308-Pad1)")
    (add_net "Net-(C308-Pad2)")
    (add_net "Net-(C309-Pad1)")
    (add_net "Net-(C309-Pad2)")
    (add_net "Net-(C310-Pad1)")
    (add_net "Net-(C310-Pad2)")
    (add_net "Net-(C319-Pad1)")
    (add_net "Net-(C502-Pad1)")
    (add_net "Net-(C503-Pad1)")
    (add_net "Net-(C504-Pad1)")
    (add_net "Net-(C804-Pad1)")
    (add_net "Net-(C805-Pad1)")
    (add_net "Net-(C806-Pad1)")
    (add_net "Net-(D1001-Pad2)")
    (add_net "Net-(D1002-Pad1)")
    (add_net "Net-(D101-Pad2)")
    (add_net "Net-(D102-Pad2)")
    (add_net "Net-(D103-Pad2)")
    (add_net "Net-(D301-Pad1)")
    (add_net "Net-(D301-Pad2)")
    (add_net "Net-(D302-Pad1)")
    (add_net "Net-(D302-Pad2)")
    (add_net "Net-(D801-Pad2)")
    (add_net "Net-(D802-Pad2)")
    (add_net "Net-(D803-Pad2)")
    (add_net "Net-(FL701-Pad1)")
    (add_net "Net-(FL701-Pad4)")
    (add_net "Net-(FL702-Pad1)")
    (add_net "Net-(FL702-Pad4)")
    (add_net "Net-(J101-Pad10)")
    (add_net "Net-(J101-Pad11)")
    (add_net "Net-(J103-Pad1)")
    (add_net "Net-(J103-Pad2)")
    (add_net "Net-(J103-Pad3)")
    (add_net "Net-(J103-Pad6)")
    (add_net "Net-(J104-Pad5)")
    (add_net "Net-(J112-Pad1)")
    (add_net "Net-(J113-Pad1)")
    (add_net "Net-(J114-Pad1)")
    (add_net "Net-(J115-Pad1)")
    (add_net "Net-(J117-Pad1)")
    (add_net "Net-(Q101-Pad1)")
    (add_net "Net-(Q102-Pad1)")
    (add_net "Net-(Q103-Pad1)")
    (add_net "Net-(Q104-Pad1)")
    (add_net "Net-(Q801-Pad4)")
    (add_net "Net-(Q802-Pad4)")
    (add_net "Net-(Q803-Pad4)")
    (add_net "Net-(R1001-Pad1)")
    (add_net "Net-(R1002-Pad1)")
    (add_net "Net-(R201-Pad2)")
    (add_net "Net-(R203-Pad1)")
    (add_net "Net-(R303-Pad1)")
    (add_net "Net-(R505-Pad1)")
    (add_net "Net-(R506-Pad1)")
    (add_net "Net-(R604-Pad2)")
    (add_net "Net-(R605-Pad2)")
    (add_net "Net-(R606-Pad2)")
    (add_net "Net-(U102-Pad10)")
    (add_net "Net-(U102-Pad11)")
    (add_net "Net-(U102-Pad13)")
    (add_net "Net-(U102-Pad14)")
    (add_net "Net-(U102-Pad15)")
    (add_net "Net-(U102-Pad9)")
    (add_net "Net-(U1201-Pad12)")
    (add_net "Net-(U1201-Pad13)")
    (add_net "Net-(U302-Pad23)")
    (add_net "Net-(U501-Pad1)")
    (add_net "Net-(U501-Pad16)")
    (add_net "Net-(U701-Pad13)")
    (add_net "Net-(U701-Pad7)")
  )

  (module Capacitor_SMD:C_0603_1608Metric (layer F.Cu) (tedit 5C30C0EA) (tstamp 5C49CE85)
    (at 69.342 36.957)
    (descr "Capacitor SMD 0603 (1608 Metric), square (rectangular) end terminal, IPC_7351 nominal, (Body size source: http://www.tortai-tech.com/upload/download/2011102023233369053.pdf), generated with kicad-footprint-generator")
    (tags capacitor)
    (path /5C70D046)
    (attr smd)
    (fp_text reference C124 (at 0 -1.43) (layer F.SilkS) hide
      (effects (font (size 1 1) (thickness 0.15)))
    )
    (fp_text value 22n (at 0 1.43) (layer F.Fab)
      (effects (font (size 1 1) (thickness 0.15)))
    )
    (fp_line (start -0.8 0.4) (end -0.8 -0.4) (layer F.Fab) (width 0.1))
    (fp_line (start -0.8 -0.4) (end 0.8 -0.4) (layer F.Fab) (width 0.1))
    (fp_line (start 0.8 -0.4) (end 0.8 0.4) (layer F.Fab) (width 0.1))
    (fp_line (start 0.8 0.4) (end -0.8 0.4) (layer F.Fab) (width 0.1))
    (fp_line (start -0.162779 -0.51) (end 0.162779 -0.51) (layer F.SilkS) (width 0.12))
    (fp_line (start -0.162779 0.51) (end 0.162779 0.51) (layer F.SilkS) (width 0.12))
    (fp_line (start -1.48 0.73) (end -1.48 -0.73) (layer F.CrtYd) (width 0.05))
    (fp_line (start -1.48 -0.73) (end 1.48 -0.73) (layer F.CrtYd) (width 0.05))
    (fp_line (start 1.48 -0.73) (end 1.48 0.73) (layer F.CrtYd) (width 0.05))
    (fp_line (start 1.48 0.73) (end -1.48 0.73) (layer F.CrtYd) (width 0.05))
    (fp_text user %R (at 0 0) (layer F.Fab)
      (effects (font (size 0.4 0.4) (thickness 0.06)))
    )
    (pad 1 smd roundrect (at -0.7875 0) (size 0.875 0.95) (layers F.Cu F.Paste F.Mask) (roundrect_rratio 0.25)
      (net 174 /Hall_W_filter))
    (pad 2 smd roundrect (at 0.7875 0) (size 0.875 0.95) (layers F.Cu F.Paste F.Mask) (roundrect_rratio 0.25)
      (net 2 GND))
    (model ${KISYS3DMOD}/Capacitor_SMD.3dshapes/C_0603_1608Metric.wrl
      (at (xyz 0 0 0))
      (scale (xyz 1 1 1))
      (rotate (xyz 0 0 0))
    )
  )

  (module Capacitor_SMD:C_0603_1608Metric (layer F.Cu) (tedit 5C30C0EF) (tstamp 5C49CE74)
    (at 69.342 38.481)
    (descr "Capacitor SMD 0603 (1608 Metric), square (rectangular) end terminal, IPC_7351 nominal, (Body size source: http://www.tortai-tech.com/upload/download/2011102023233369053.pdf), generated with kicad-footprint-generator")
    (tags capacitor)
    (path /5C70CC56)
    (attr smd)
    (fp_text reference C123 (at 0 -1.43) (layer F.SilkS) hide
      (effects (font (size 1 1) (thickness 0.15)))
    )
    (fp_text value 22n (at 0 1.43) (layer F.Fab)
      (effects (font (size 1 1) (thickness 0.15)))
    )
    (fp_text user %R (at 0 0) (layer F.Fab)
      (effects (font (size 0.4 0.4) (thickness 0.06)))
    )
    (fp_line (start 1.48 0.73) (end -1.48 0.73) (layer F.CrtYd) (width 0.05))
    (fp_line (start 1.48 -0.73) (end 1.48 0.73) (layer F.CrtYd) (width 0.05))
    (fp_line (start -1.48 -0.73) (end 1.48 -0.73) (layer F.CrtYd) (width 0.05))
    (fp_line (start -1.48 0.73) (end -1.48 -0.73) (layer F.CrtYd) (width 0.05))
    (fp_line (start -0.162779 0.51) (end 0.162779 0.51) (layer F.SilkS) (width 0.12))
    (fp_line (start -0.162779 -0.51) (end 0.162779 -0.51) (layer F.SilkS) (width 0.12))
    (fp_line (start 0.8 0.4) (end -0.8 0.4) (layer F.Fab) (width 0.1))
    (fp_line (start 0.8 -0.4) (end 0.8 0.4) (layer F.Fab) (width 0.1))
    (fp_line (start -0.8 -0.4) (end 0.8 -0.4) (layer F.Fab) (width 0.1))
    (fp_line (start -0.8 0.4) (end -0.8 -0.4) (layer F.Fab) (width 0.1))
    (pad 2 smd roundrect (at 0.7875 0) (size 0.875 0.95) (layers F.Cu F.Paste F.Mask) (roundrect_rratio 0.25)
      (net 2 GND))
    (pad 1 smd roundrect (at -0.7875 0) (size 0.875 0.95) (layers F.Cu F.Paste F.Mask) (roundrect_rratio 0.25)
      (net 173 /Hall_V_filter))
    (model ${KISYS3DMOD}/Capacitor_SMD.3dshapes/C_0603_1608Metric.wrl
      (at (xyz 0 0 0))
      (scale (xyz 1 1 1))
      (rotate (xyz 0 0 0))
    )
  )

  (module Capacitor_SMD:C_0603_1608Metric (layer F.Cu) (tedit 5C30C0F3) (tstamp 5C49D447)
    (at 69.342 40.005)
    (descr "Capacitor SMD 0603 (1608 Metric), square (rectangular) end terminal, IPC_7351 nominal, (Body size source: http://www.tortai-tech.com/upload/download/2011102023233369053.pdf), generated with kicad-footprint-generator")
    (tags capacitor)
    (path /5C70CF6C)
    (attr smd)
    (fp_text reference C122 (at 0 -1.43) (layer F.SilkS) hide
      (effects (font (size 1 1) (thickness 0.15)))
    )
    (fp_text value 22n (at 0 1.43) (layer F.Fab)
      (effects (font (size 1 1) (thickness 0.15)))
    )
    (fp_line (start -0.8 0.4) (end -0.8 -0.4) (layer F.Fab) (width 0.1))
    (fp_line (start -0.8 -0.4) (end 0.8 -0.4) (layer F.Fab) (width 0.1))
    (fp_line (start 0.8 -0.4) (end 0.8 0.4) (layer F.Fab) (width 0.1))
    (fp_line (start 0.8 0.4) (end -0.8 0.4) (layer F.Fab) (width 0.1))
    (fp_line (start -0.162779 -0.51) (end 0.162779 -0.51) (layer F.SilkS) (width 0.12))
    (fp_line (start -0.162779 0.51) (end 0.162779 0.51) (layer F.SilkS) (width 0.12))
    (fp_line (start -1.48 0.73) (end -1.48 -0.73) (layer F.CrtYd) (width 0.05))
    (fp_line (start -1.48 -0.73) (end 1.48 -0.73) (layer F.CrtYd) (width 0.05))
    (fp_line (start 1.48 -0.73) (end 1.48 0.73) (layer F.CrtYd) (width 0.05))
    (fp_line (start 1.48 0.73) (end -1.48 0.73) (layer F.CrtYd) (width 0.05))
    (fp_text user %R (at 0 0) (layer F.Fab)
      (effects (font (size 0.4 0.4) (thickness 0.06)))
    )
    (pad 1 smd roundrect (at -0.7875 0) (size 0.875 0.95) (layers F.Cu F.Paste F.Mask) (roundrect_rratio 0.25)
      (net 172 /Hall_U_filter))
    (pad 2 smd roundrect (at 0.7875 0) (size 0.875 0.95) (layers F.Cu F.Paste F.Mask) (roundrect_rratio 0.25)
      (net 2 GND))
    (model ${KISYS3DMOD}/Capacitor_SMD.3dshapes/C_0603_1608Metric.wrl
      (at (xyz 0 0 0))
      (scale (xyz 1 1 1))
      (rotate (xyz 0 0 0))
    )
  )

  (module Diode_SMD:D_SMA (layer B.Cu) (tedit 5C30C130) (tstamp 5C49C1CA)
    (at 70.8025 79.0665 270)
    (descr "Diode SMA (DO-214AC)")
    (tags "Diode SMA (DO-214AC)")
    (path /5A1B06A8)
    (attr smd)
    (fp_text reference D104 (at 0 2.5 270) (layer B.SilkS) hide
      (effects (font (size 1 1) (thickness 0.15)) (justify mirror))
    )
    (fp_text value SMAJ36A (at 0 -2.6 270) (layer B.Fab)
      (effects (font (size 1 1) (thickness 0.15)) (justify mirror))
    )
    (fp_line (start -3.4 1.65) (end 2 1.65) (layer B.SilkS) (width 0.12))
    (fp_line (start -3.4 -1.65) (end 2 -1.65) (layer B.SilkS) (width 0.12))
    (fp_line (start -0.64944 -0.00102) (end 0.50118 0.79908) (layer B.Fab) (width 0.1))
    (fp_line (start -0.64944 -0.00102) (end 0.50118 -0.75032) (layer B.Fab) (width 0.1))
    (fp_line (start 0.50118 -0.75032) (end 0.50118 0.79908) (layer B.Fab) (width 0.1))
    (fp_line (start -0.64944 0.79908) (end -0.64944 -0.80112) (layer B.Fab) (width 0.1))
    (fp_line (start 0.50118 -0.00102) (end 1.4994 -0.00102) (layer B.Fab) (width 0.1))
    (fp_line (start -0.64944 -0.00102) (end -1.55114 -0.00102) (layer B.Fab) (width 0.1))
    (fp_line (start -3.5 -1.75) (end -3.5 1.75) (layer B.CrtYd) (width 0.05))
    (fp_line (start 3.5 -1.75) (end -3.5 -1.75) (layer B.CrtYd) (width 0.05))
    (fp_line (start 3.5 1.75) (end 3.5 -1.75) (layer B.CrtYd) (width 0.05))
    (fp_line (start -3.5 1.75) (end 3.5 1.75) (layer B.CrtYd) (width 0.05))
    (fp_line (start 2.3 1.5) (end -2.3 1.5) (layer B.Fab) (width 0.1))
    (fp_line (start 2.3 1.5) (end 2.3 -1.5) (layer B.Fab) (width 0.1))
    (fp_line (start -2.3 -1.5) (end -2.3 1.5) (layer B.Fab) (width 0.1))
    (fp_line (start 2.3 -1.5) (end -2.3 -1.5) (layer B.Fab) (width 0.1))
    (fp_line (start -3.4 1.65) (end -3.4 -1.65) (layer B.SilkS) (width 0.12))
    (fp_text user %R (at 0 2.5 270) (layer B.Fab)
      (effects (font (size 1 1) (thickness 0.15)) (justify mirror))
    )
    (pad 2 smd rect (at 2 0 270) (size 2.5 1.8) (layers B.Cu B.Paste B.Mask)
      (net 2 GND))
    (pad 1 smd rect (at -2 0 270) (size 2.5 1.8) (layers B.Cu B.Paste B.Mask)
      (net 3 /RXSM_28V))
    (model ${KISYS3DMOD}/Diode_SMD.3dshapes/D_SMA.wrl
      (at (xyz 0 0 0))
      (scale (xyz 1 1 1))
      (rotate (xyz 0 0 0))
    )
  )

  (module Diode_SMD:D_SMA (layer B.Cu) (tedit 5C30C1BD) (tstamp 5C49C1C9)
    (at 108 47.25)
    (descr "Diode SMA (DO-214AC)")
    (tags "Diode SMA (DO-214AC)")
    (path /5C3ED76F)
    (attr smd)
    (fp_text reference D105 (at 0 2.5) (layer B.SilkS) hide
      (effects (font (size 1 1) (thickness 0.15)) (justify mirror))
    )
    (fp_text value SMAJ36A (at 0 -2.6) (layer B.Fab)
      (effects (font (size 1 1) (thickness 0.15)) (justify mirror))
    )
    (fp_text user %R (at 0 2.5) (layer B.Fab)
      (effects (font (size 1 1) (thickness 0.15)) (justify mirror))
    )
    (fp_line (start -3.4 1.65) (end -3.4 -1.65) (layer B.SilkS) (width 0.12))
    (fp_line (start 2.3 -1.5) (end -2.3 -1.5) (layer B.Fab) (width 0.1))
    (fp_line (start -2.3 -1.5) (end -2.3 1.5) (layer B.Fab) (width 0.1))
    (fp_line (start 2.3 1.5) (end 2.3 -1.5) (layer B.Fab) (width 0.1))
    (fp_line (start 2.3 1.5) (end -2.3 1.5) (layer B.Fab) (width 0.1))
    (fp_line (start -3.5 1.75) (end 3.5 1.75) (layer B.CrtYd) (width 0.05))
    (fp_line (start 3.5 1.75) (end 3.5 -1.75) (layer B.CrtYd) (width 0.05))
    (fp_line (start 3.5 -1.75) (end -3.5 -1.75) (layer B.CrtYd) (width 0.05))
    (fp_line (start -3.5 -1.75) (end -3.5 1.75) (layer B.CrtYd) (width 0.05))
    (fp_line (start -0.64944 -0.00102) (end -1.55114 -0.00102) (layer B.Fab) (width 0.1))
    (fp_line (start 0.50118 -0.00102) (end 1.4994 -0.00102) (layer B.Fab) (width 0.1))
    (fp_line (start -0.64944 0.79908) (end -0.64944 -0.80112) (layer B.Fab) (width 0.1))
    (fp_line (start 0.50118 -0.75032) (end 0.50118 0.79908) (layer B.Fab) (width 0.1))
    (fp_line (start -0.64944 -0.00102) (end 0.50118 -0.75032) (layer B.Fab) (width 0.1))
    (fp_line (start -0.64944 -0.00102) (end 0.50118 0.79908) (layer B.Fab) (width 0.1))
    (fp_line (start -3.4 -1.65) (end 2 -1.65) (layer B.SilkS) (width 0.12))
    (fp_line (start -3.4 1.65) (end 2 1.65) (layer B.SilkS) (width 0.12))
    (pad 1 smd rect (at -2 0) (size 2.5 1.8) (layers B.Cu B.Paste B.Mask)
      (net 5 "/Powerboard Motor Controller/V_IN"))
    (pad 2 smd rect (at 2 0) (size 2.5 1.8) (layers B.Cu B.Paste B.Mask)
      (net 2 GND))
    (model ${KISYS3DMOD}/Diode_SMD.3dshapes/D_SMA.wrl
      (at (xyz 0 0 0))
      (scale (xyz 1 1 1))
      (rotate (xyz 0 0 0))
    )
  )

  (module Resistor_SMD:R_0603_1608Metric (layer B.Cu) (tedit 5C30C0FC) (tstamp 5C49B8B5)
    (at 72.263 35.179 270)
    (descr "Resistor SMD 0603 (1608 Metric), square (rectangular) end terminal, IPC_7351 nominal, (Body size source: http://www.tortai-tech.com/upload/download/2011102023233369053.pdf), generated with kicad-footprint-generator")
    (tags resistor)
    (path /5C7432CA)
    (attr smd)
    (fp_text reference R136 (at 0 1.43 270) (layer B.SilkS) hide
      (effects (font (size 1 1) (thickness 0.15)) (justify mirror))
    )
    (fp_text value 470 (at 0 -1.43 270) (layer B.Fab)
      (effects (font (size 1 1) (thickness 0.15)) (justify mirror))
    )
    (fp_line (start -0.8 -0.4) (end -0.8 0.4) (layer B.Fab) (width 0.1))
    (fp_line (start -0.8 0.4) (end 0.8 0.4) (layer B.Fab) (width 0.1))
    (fp_line (start 0.8 0.4) (end 0.8 -0.4) (layer B.Fab) (width 0.1))
    (fp_line (start 0.8 -0.4) (end -0.8 -0.4) (layer B.Fab) (width 0.1))
    (fp_line (start -0.162779 0.51) (end 0.162779 0.51) (layer B.SilkS) (width 0.12))
    (fp_line (start -0.162779 -0.51) (end 0.162779 -0.51) (layer B.SilkS) (width 0.12))
    (fp_line (start -1.48 -0.73) (end -1.48 0.73) (layer B.CrtYd) (width 0.05))
    (fp_line (start -1.48 0.73) (end 1.48 0.73) (layer B.CrtYd) (width 0.05))
    (fp_line (start 1.48 0.73) (end 1.48 -0.73) (layer B.CrtYd) (width 0.05))
    (fp_line (start 1.48 -0.73) (end -1.48 -0.73) (layer B.CrtYd) (width 0.05))
    (fp_text user %R (at 0 0 270) (layer B.Fab)
      (effects (font (size 0.4 0.4) (thickness 0.06)) (justify mirror))
    )
    (pad 1 smd roundrect (at -0.7875 0 270) (size 0.875 0.95) (layers B.Cu B.Paste B.Mask) (roundrect_rratio 0.25)
      (net 78 /Hall_W))
    (pad 2 smd roundrect (at 0.7875 0 270) (size 0.875 0.95) (layers B.Cu B.Paste B.Mask) (roundrect_rratio 0.25)
      (net 174 /Hall_W_filter))
    (model ${KISYS3DMOD}/Resistor_SMD.3dshapes/R_0603_1608Metric.wrl
      (at (xyz 0 0 0))
      (scale (xyz 1 1 1))
      (rotate (xyz 0 0 0))
    )
  )

  (module Resistor_SMD:R_0603_1608Metric (layer B.Cu) (tedit 5C30C1E7) (tstamp 5C49B8A4)
    (at 119.25 32.25)
    (descr "Resistor SMD 0603 (1608 Metric), square (rectangular) end terminal, IPC_7351 nominal, (Body size source: http://www.tortai-tech.com/upload/download/2011102023233369053.pdf), generated with kicad-footprint-generator")
    (tags resistor)
    (path /5C9EBBC8)
    (attr smd)
    (fp_text reference R137 (at 0 1.43) (layer B.SilkS) hide
      (effects (font (size 1 1) (thickness 0.15)) (justify mirror))
    )
    (fp_text value 4k7 (at 0 -1.43) (layer B.Fab)
      (effects (font (size 1 1) (thickness 0.15)) (justify mirror))
    )
    (fp_text user %R (at 0 0) (layer B.Fab)
      (effects (font (size 0.4 0.4) (thickness 0.06)) (justify mirror))
    )
    (fp_line (start 1.48 -0.73) (end -1.48 -0.73) (layer B.CrtYd) (width 0.05))
    (fp_line (start 1.48 0.73) (end 1.48 -0.73) (layer B.CrtYd) (width 0.05))
    (fp_line (start -1.48 0.73) (end 1.48 0.73) (layer B.CrtYd) (width 0.05))
    (fp_line (start -1.48 -0.73) (end -1.48 0.73) (layer B.CrtYd) (width 0.05))
    (fp_line (start -0.162779 -0.51) (end 0.162779 -0.51) (layer B.SilkS) (width 0.12))
    (fp_line (start -0.162779 0.51) (end 0.162779 0.51) (layer B.SilkS) (width 0.12))
    (fp_line (start 0.8 -0.4) (end -0.8 -0.4) (layer B.Fab) (width 0.1))
    (fp_line (start 0.8 0.4) (end 0.8 -0.4) (layer B.Fab) (width 0.1))
    (fp_line (start -0.8 0.4) (end 0.8 0.4) (layer B.Fab) (width 0.1))
    (fp_line (start -0.8 -0.4) (end -0.8 0.4) (layer B.Fab) (width 0.1))
    (pad 2 smd roundrect (at 0.7875 0) (size 0.875 0.95) (layers B.Cu B.Paste B.Mask) (roundrect_rratio 0.25)
      (net 2 GND))
    (pad 1 smd roundrect (at -0.7875 0) (size 0.875 0.95) (layers B.Cu B.Paste B.Mask) (roundrect_rratio 0.25)
      (net 144 "Net-(J104-Pad5)"))
    (model ${KISYS3DMOD}/Resistor_SMD.3dshapes/R_0603_1608Metric.wrl
      (at (xyz 0 0 0))
      (scale (xyz 1 1 1))
      (rotate (xyz 0 0 0))
    )
  )

  (module Resistor_SMD:R_0603_1608Metric (layer B.Cu) (tedit 5C30C1FC) (tstamp 5C49B893)
    (at 93.98 31.623 270)
    (descr "Resistor SMD 0603 (1608 Metric), square (rectangular) end terminal, IPC_7351 nominal, (Body size source: http://www.tortai-tech.com/upload/download/2011102023233369053.pdf), generated with kicad-footprint-generator")
    (tags resistor)
    (path /5C4BE86E)
    (attr smd)
    (fp_text reference R133 (at 0 1.43 270) (layer B.SilkS) hide
      (effects (font (size 1 1) (thickness 0.15)) (justify mirror))
    )
    (fp_text value 4k7 (at 0 -1.43 270) (layer B.Fab)
      (effects (font (size 1 1) (thickness 0.15)) (justify mirror))
    )
    (fp_line (start -0.8 -0.4) (end -0.8 0.4) (layer B.Fab) (width 0.1))
    (fp_line (start -0.8 0.4) (end 0.8 0.4) (layer B.Fab) (width 0.1))
    (fp_line (start 0.8 0.4) (end 0.8 -0.4) (layer B.Fab) (width 0.1))
    (fp_line (start 0.8 -0.4) (end -0.8 -0.4) (layer B.Fab) (width 0.1))
    (fp_line (start -0.162779 0.51) (end 0.162779 0.51) (layer B.SilkS) (width 0.12))
    (fp_line (start -0.162779 -0.51) (end 0.162779 -0.51) (layer B.SilkS) (width 0.12))
    (fp_line (start -1.48 -0.73) (end -1.48 0.73) (layer B.CrtYd) (width 0.05))
    (fp_line (start -1.48 0.73) (end 1.48 0.73) (layer B.CrtYd) (width 0.05))
    (fp_line (start 1.48 0.73) (end 1.48 -0.73) (layer B.CrtYd) (width 0.05))
    (fp_line (start 1.48 -0.73) (end -1.48 -0.73) (layer B.CrtYd) (width 0.05))
    (fp_text user %R (at 0 0 270) (layer B.Fab)
      (effects (font (size 0.4 0.4) (thickness 0.06)) (justify mirror))
    )
    (pad 1 smd roundrect (at -0.7875 0 270) (size 0.875 0.95) (layers B.Cu B.Paste B.Mask) (roundrect_rratio 0.25)
      (net 4 +5V))
    (pad 2 smd roundrect (at 0.7875 0 270) (size 0.875 0.95) (layers B.Cu B.Paste B.Mask) (roundrect_rratio 0.25)
      (net 76 /Hall_U))
    (model ${KISYS3DMOD}/Resistor_SMD.3dshapes/R_0603_1608Metric.wrl
      (at (xyz 0 0 0))
      (scale (xyz 1 1 1))
      (rotate (xyz 0 0 0))
    )
  )

  (module Resistor_SMD:R_0603_1608Metric (layer F.Cu) (tedit 5B301BBD) (tstamp 5C49B873)
    (at 105.8665 65.9765 180)
    (descr "Resistor SMD 0603 (1608 Metric), square (rectangular) end terminal, IPC_7351 nominal, (Body size source: http://www.tortai-tech.com/upload/download/2011102023233369053.pdf), generated with kicad-footprint-generator")
    (tags resistor)
    (path /5A1E09A0)
    (attr smd)
    (fp_text reference R123 (at 0 -1.43 180) (layer F.SilkS)
      (effects (font (size 1 1) (thickness 0.15)))
    )
    (fp_text value 10k (at 0 1.43 180) (layer F.Fab)
      (effects (font (size 1 1) (thickness 0.15)))
    )
    (fp_text user %R (at 0 0 180) (layer F.Fab)
      (effects (font (size 0.4 0.4) (thickness 0.06)))
    )
    (fp_line (start 1.48 0.73) (end -1.48 0.73) (layer F.CrtYd) (width 0.05))
    (fp_line (start 1.48 -0.73) (end 1.48 0.73) (layer F.CrtYd) (width 0.05))
    (fp_line (start -1.48 -0.73) (end 1.48 -0.73) (layer F.CrtYd) (width 0.05))
    (fp_line (start -1.48 0.73) (end -1.48 -0.73) (layer F.CrtYd) (width 0.05))
    (fp_line (start -0.162779 0.51) (end 0.162779 0.51) (layer F.SilkS) (width 0.12))
    (fp_line (start -0.162779 -0.51) (end 0.162779 -0.51) (layer F.SilkS) (width 0.12))
    (fp_line (start 0.8 0.4) (end -0.8 0.4) (layer F.Fab) (width 0.1))
    (fp_line (start 0.8 -0.4) (end 0.8 0.4) (layer F.Fab) (width 0.1))
    (fp_line (start -0.8 -0.4) (end 0.8 -0.4) (layer F.Fab) (width 0.1))
    (fp_line (start -0.8 0.4) (end -0.8 -0.4) (layer F.Fab) (width 0.1))
    (pad 2 smd roundrect (at 0.7875 0 180) (size 0.875 0.95) (layers F.Cu F.Paste F.Mask) (roundrect_rratio 0.25)
      (net 2 GND))
    (pad 1 smd roundrect (at -0.7875 0 180) (size 0.875 0.95) (layers F.Cu F.Paste F.Mask) (roundrect_rratio 0.25)
      (net 65 /Probe3_EN))
    (model ${KISYS3DMOD}/Resistor_SMD.3dshapes/R_0603_1608Metric.wrl
      (at (xyz 0 0 0))
      (scale (xyz 1 1 1))
      (rotate (xyz 0 0 0))
    )
  )

  (module Resistor_SMD:R_0603_1608Metric (layer B.Cu) (tedit 5C30C104) (tstamp 5C49B872)
    (at 70.231 35.814 270)
    (descr "Resistor SMD 0603 (1608 Metric), square (rectangular) end terminal, IPC_7351 nominal, (Body size source: http://www.tortai-tech.com/upload/download/2011102023233369053.pdf), generated with kicad-footprint-generator")
    (tags resistor)
    (path /5C7431F0)
    (attr smd)
    (fp_text reference R135 (at 0 1.43 270) (layer B.SilkS) hide
      (effects (font (size 1 1) (thickness 0.15)) (justify mirror))
    )
    (fp_text value 470 (at 0 -1.43 270) (layer B.Fab)
      (effects (font (size 1 1) (thickness 0.15)) (justify mirror))
    )
    (fp_line (start -0.8 -0.4) (end -0.8 0.4) (layer B.Fab) (width 0.1))
    (fp_line (start -0.8 0.4) (end 0.8 0.4) (layer B.Fab) (width 0.1))
    (fp_line (start 0.8 0.4) (end 0.8 -0.4) (layer B.Fab) (width 0.1))
    (fp_line (start 0.8 -0.4) (end -0.8 -0.4) (layer B.Fab) (width 0.1))
    (fp_line (start -0.162779 0.51) (end 0.162779 0.51) (layer B.SilkS) (width 0.12))
    (fp_line (start -0.162779 -0.51) (end 0.162779 -0.51) (layer B.SilkS) (width 0.12))
    (fp_line (start -1.48 -0.73) (end -1.48 0.73) (layer B.CrtYd) (width 0.05))
    (fp_line (start -1.48 0.73) (end 1.48 0.73) (layer B.CrtYd) (width 0.05))
    (fp_line (start 1.48 0.73) (end 1.48 -0.73) (layer B.CrtYd) (width 0.05))
    (fp_line (start 1.48 -0.73) (end -1.48 -0.73) (layer B.CrtYd) (width 0.05))
    (fp_text user %R (at 0 0 270) (layer B.Fab)
      (effects (font (size 0.4 0.4) (thickness 0.06)) (justify mirror))
    )
    (pad 1 smd roundrect (at -0.7875 0 270) (size 0.875 0.95) (layers B.Cu B.Paste B.Mask) (roundrect_rratio 0.25)
      (net 77 /Hall_V))
    (pad 2 smd roundrect (at 0.7875 0 270) (size 0.875 0.95) (layers B.Cu B.Paste B.Mask) (roundrect_rratio 0.25)
      (net 173 /Hall_V_filter))
    (model ${KISYS3DMOD}/Resistor_SMD.3dshapes/R_0603_1608Metric.wrl
      (at (xyz 0 0 0))
      (scale (xyz 1 1 1))
      (rotate (xyz 0 0 0))
    )
  )

  (module Resistor_SMD:R_0603_1608Metric (layer B.Cu) (tedit 5C30C214) (tstamp 5C49B861)
    (at 92.583 34.417 90)
    (descr "Resistor SMD 0603 (1608 Metric), square (rectangular) end terminal, IPC_7351 nominal, (Body size source: http://www.tortai-tech.com/upload/download/2011102023233369053.pdf), generated with kicad-footprint-generator")
    (tags resistor)
    (path /5C4BE79C)
    (attr smd)
    (fp_text reference R132 (at 0 1.43 90) (layer B.SilkS) hide
      (effects (font (size 1 1) (thickness 0.15)) (justify mirror))
    )
    (fp_text value 4k7 (at 0 -1.43 90) (layer B.Fab)
      (effects (font (size 1 1) (thickness 0.15)) (justify mirror))
    )
    (fp_text user %R (at 0 0 90) (layer B.Fab)
      (effects (font (size 0.4 0.4) (thickness 0.06)) (justify mirror))
    )
    (fp_line (start 1.48 -0.73) (end -1.48 -0.73) (layer B.CrtYd) (width 0.05))
    (fp_line (start 1.48 0.73) (end 1.48 -0.73) (layer B.CrtYd) (width 0.05))
    (fp_line (start -1.48 0.73) (end 1.48 0.73) (layer B.CrtYd) (width 0.05))
    (fp_line (start -1.48 -0.73) (end -1.48 0.73) (layer B.CrtYd) (width 0.05))
    (fp_line (start -0.162779 -0.51) (end 0.162779 -0.51) (layer B.SilkS) (width 0.12))
    (fp_line (start -0.162779 0.51) (end 0.162779 0.51) (layer B.SilkS) (width 0.12))
    (fp_line (start 0.8 -0.4) (end -0.8 -0.4) (layer B.Fab) (width 0.1))
    (fp_line (start 0.8 0.4) (end 0.8 -0.4) (layer B.Fab) (width 0.1))
    (fp_line (start -0.8 0.4) (end 0.8 0.4) (layer B.Fab) (width 0.1))
    (fp_line (start -0.8 -0.4) (end -0.8 0.4) (layer B.Fab) (width 0.1))
    (pad 2 smd roundrect (at 0.7875 0 90) (size 0.875 0.95) (layers B.Cu B.Paste B.Mask) (roundrect_rratio 0.25)
      (net 77 /Hall_V))
    (pad 1 smd roundrect (at -0.7875 0 90) (size 0.875 0.95) (layers B.Cu B.Paste B.Mask) (roundrect_rratio 0.25)
      (net 4 +5V))
    (model ${KISYS3DMOD}/Resistor_SMD.3dshapes/R_0603_1608Metric.wrl
      (at (xyz 0 0 0))
      (scale (xyz 1 1 1))
      (rotate (xyz 0 0 0))
    )
  )

  (module Resistor_SMD:R_0603_1608Metric (layer B.Cu) (tedit 5C30C0FF) (tstamp 5C49B850)
    (at 69.4945 33.401 180)
    (descr "Resistor SMD 0603 (1608 Metric), square (rectangular) end terminal, IPC_7351 nominal, (Body size source: http://www.tortai-tech.com/upload/download/2011102023233369053.pdf), generated with kicad-footprint-generator")
    (tags resistor)
    (path /5C742E55)
    (attr smd)
    (fp_text reference R134 (at 0 1.43 180) (layer B.SilkS) hide
      (effects (font (size 1 1) (thickness 0.15)) (justify mirror))
    )
    (fp_text value 470 (at 0 -1.43 180) (layer B.Fab)
      (effects (font (size 1 1) (thickness 0.15)) (justify mirror))
    )
    (fp_line (start -0.8 -0.4) (end -0.8 0.4) (layer B.Fab) (width 0.1))
    (fp_line (start -0.8 0.4) (end 0.8 0.4) (layer B.Fab) (width 0.1))
    (fp_line (start 0.8 0.4) (end 0.8 -0.4) (layer B.Fab) (width 0.1))
    (fp_line (start 0.8 -0.4) (end -0.8 -0.4) (layer B.Fab) (width 0.1))
    (fp_line (start -0.162779 0.51) (end 0.162779 0.51) (layer B.SilkS) (width 0.12))
    (fp_line (start -0.162779 -0.51) (end 0.162779 -0.51) (layer B.SilkS) (width 0.12))
    (fp_line (start -1.48 -0.73) (end -1.48 0.73) (layer B.CrtYd) (width 0.05))
    (fp_line (start -1.48 0.73) (end 1.48 0.73) (layer B.CrtYd) (width 0.05))
    (fp_line (start 1.48 0.73) (end 1.48 -0.73) (layer B.CrtYd) (width 0.05))
    (fp_line (start 1.48 -0.73) (end -1.48 -0.73) (layer B.CrtYd) (width 0.05))
    (fp_text user %R (at 0 0 180) (layer B.Fab)
      (effects (font (size 0.4 0.4) (thickness 0.06)) (justify mirror))
    )
    (pad 1 smd roundrect (at -0.7875 0 180) (size 0.875 0.95) (layers B.Cu B.Paste B.Mask) (roundrect_rratio 0.25)
      (net 76 /Hall_U))
    (pad 2 smd roundrect (at 0.7875 0 180) (size 0.875 0.95) (layers B.Cu B.Paste B.Mask) (roundrect_rratio 0.25)
      (net 172 /Hall_U_filter))
    (model ${KISYS3DMOD}/Resistor_SMD.3dshapes/R_0603_1608Metric.wrl
      (at (xyz 0 0 0))
      (scale (xyz 1 1 1))
      (rotate (xyz 0 0 0))
    )
  )

  (module Resistor_SMD:R_0603_1608Metric (layer B.Cu) (tedit 5C30C20D) (tstamp 5C49B83F)
    (at 91.059 35.2045 90)
    (descr "Resistor SMD 0603 (1608 Metric), square (rectangular) end terminal, IPC_7351 nominal, (Body size source: http://www.tortai-tech.com/upload/download/2011102023233369053.pdf), generated with kicad-footprint-generator")
    (tags resistor)
    (path /5C48A85D)
    (attr smd)
    (fp_text reference R131 (at 0 1.43 90) (layer B.SilkS) hide
      (effects (font (size 1 1) (thickness 0.15)) (justify mirror))
    )
    (fp_text value 4k7 (at 0 -1.43 90) (layer B.Fab)
      (effects (font (size 1 1) (thickness 0.15)) (justify mirror))
    )
    (fp_text user %R (at 0 0 90) (layer B.Fab)
      (effects (font (size 0.4 0.4) (thickness 0.06)) (justify mirror))
    )
    (fp_line (start 1.48 -0.73) (end -1.48 -0.73) (layer B.CrtYd) (width 0.05))
    (fp_line (start 1.48 0.73) (end 1.48 -0.73) (layer B.CrtYd) (width 0.05))
    (fp_line (start -1.48 0.73) (end 1.48 0.73) (layer B.CrtYd) (width 0.05))
    (fp_line (start -1.48 -0.73) (end -1.48 0.73) (layer B.CrtYd) (width 0.05))
    (fp_line (start -0.162779 -0.51) (end 0.162779 -0.51) (layer B.SilkS) (width 0.12))
    (fp_line (start -0.162779 0.51) (end 0.162779 0.51) (layer B.SilkS) (width 0.12))
    (fp_line (start 0.8 -0.4) (end -0.8 -0.4) (layer B.Fab) (width 0.1))
    (fp_line (start 0.8 0.4) (end 0.8 -0.4) (layer B.Fab) (width 0.1))
