(kicad_pcb (version 20171130) (host pcbnew 5.0.0-4.fc29)

  (general
    (thickness 1.6)
    (drawings 52)
    (tracks 690)
    (zones 0)
    (modules 16)
    (nets 184)
  )

  (page A4)
  (layers
    (0 F.Cu signal)
    (31 B.Cu signal)
    (32 B.Adhes user)
    (33 F.Adhes user)
    (34 B.Paste user)
    (35 F.Paste user)
    (36 B.SilkS user)
    (37 F.SilkS user)
    (38 B.Mask user)
    (39 F.Mask user)
    (40 Dwgs.User user)
    (41 Cmts.User user)
    (42 Eco1.User user)
    (43 Eco2.User user)
    (44 Edge.Cuts user)
    (45 Margin user)
    (46 B.CrtYd user)
    (47 F.CrtYd user)
    (48 B.Fab user)
    (49 F.Fab user)
  )

  (setup
    (last_trace_width 0.25)
    (user_trace_width 0.25)
    (user_trace_width 0.3)
    (user_trace_width 0.35)
    (user_trace_width 0.4)
    (user_trace_width 0.5)
    (user_trace_width 0.75)
    (user_trace_width 1)
    (user_trace_width 2)
    (trace_clearance 0.175)
    (zone_clearance 0.508)
    (zone_45_only no)
    (trace_min 0.2)
    (segment_width 0.2)
    (edge_width 0.15)
    (via_size 0.8)
    (via_drill 0.4)
    (via_min_size 0.4)
    (via_min_drill 0.3)
    (user_via 1 0.5)
    (uvia_size 0.3)
    (uvia_drill 0.1)
    (uvias_allowed no)
    (uvia_min_size 0.2)
    (uvia_min_drill 0.1)
    (pcb_text_width 0.3)
    (pcb_text_size 1.5 1.5)
    (mod_edge_width 0.15)
    (mod_text_size 1 1)
    (mod_text_width 0.15)
    (pad_size 1.524 1.524)
    (pad_drill 0.762)
    (pad_to_mask_clearance 0.1)
    (solder_mask_min_width 0.1)
    (aux_axis_origin 0 0)
    (visible_elements FFFFFF7F)
    (pcbplotparams
      (layerselection 0x010fc_ffffffff)
      (usegerberextensions false)
      (usegerberattributes false)
      (usegerberadvancedattributes false)
      (creategerberjobfile false)
      (excludeedgelayer true)
      (linewidth 0.100000)
      (plotframeref false)
      (viasonmask false)
      (mode 1)
      (useauxorigin false)
      (hpglpennumber 1)
      (hpglpenspeed 20)
      (hpglpendiameter 15.000000)
      (psnegative false)
      (psa4output false)
      (plotreference true)
      (plotvalue true)
      (plotinvisibletext false)
      (padsonsilk false)
      (subtractmaskfromsilk false)
      (outputformat 1)
      (mirror false)
      (drillshape 1)
      (scaleselection 1)
      (outputdirectory ""))
  )

  (net 0 "")
  (net 1 "Net-(J1-Pad15)")
  (net 2 "Net-(J1-Pad14)")
  (net 3 "Net-(J1-Pad13)")
  (net 4 "Net-(J1-Pad12)")
  (net 5 "Net-(J1-Pad11)")
  (net 6 "Net-(J1-Pad10)")
  (net 7 "Net-(J1-Pad9)")
  (net 8 "Net-(J1-Pad8)")
  (net 9 "Net-(J1-Pad7)")
  (net 10 "Net-(J1-Pad6)")
  (net 11 "Net-(J1-Pad5)")
  (net 12 "Net-(J1-Pad4)")
  (net 13 "Net-(J1-Pad3)")
  (net 14 "Net-(J1-Pad2)")
  (net 15 "Net-(J1-Pad1)")
  (net 16 "Net-(J6-Pad1)")
  (net 17 "Net-(J6-Pad2)")
  (net 18 "Net-(J6-Pad3)")
  (net 19 "Net-(J6-Pad6)")
  (net 20 "Net-(J6-Pad9)")
  (net 21 "Net-(J8-Pad6)")
  (net 22 "Net-(J8-Pad7)")
  (net 23 "Net-(J8-Pad10)")
  (net 24 "Net-(J8-Pad11)")
  (net 25 "Net-(J8-Pad19)")
  (net 26 "Net-(J8-Pad22)")
  (net 27 "Net-(J8-Pad23)")
  (net 28 "Net-(U1-Pad1)")
  (net 29 "Net-(U1-Pad8)")
  (net 30 "Net-(U1-Pad9)")
  (net 31 "Net-(U1-Pad10)")
  (net 32 "Net-(U1-Pad15)")
  (net 33 "Net-(U1-Pad18)")
  (net 34 "Net-(U1-Pad21)")
  (net 35 "Net-(U1-Pad26)")
  (net 36 "Net-(J10-Pad30)")
  (net 37 "Net-(J10-Pad28)")
  (net 38 "Net-(J10-Pad26)")
  (net 39 "Net-(J10-Pad24)")
  (net 40 "Net-(J10-Pad22)")
  (net 41 "Net-(J10-Pad20)")
  (net 42 "Net-(J10-Pad18)")
  (net 43 "Net-(J10-Pad16)")
  (net 44 "Net-(J10-Pad29)")
  (net 45 "Net-(J10-Pad27)")
  (net 46 "Net-(J10-Pad25)")
  (net 47 "Net-(J10-Pad23)")
  (net 48 "Net-(J10-Pad19)")
  (net 49 "Net-(J11-Pad30)")
  (net 50 "Net-(J11-Pad28)")
  (net 51 "Net-(J11-Pad26)")
  (net 52 "Net-(J11-Pad24)")
  (net 53 "Net-(J11-Pad22)")
  (net 54 "Net-(J11-Pad20)")
  (net 55 "Net-(J11-Pad18)")
  (net 56 "Net-(J11-Pad16)")
  (net 57 "Net-(J11-Pad29)")
  (net 58 "Net-(J11-Pad27)")
  (net 59 "Net-(J11-Pad25)")
  (net 60 "Net-(J11-Pad23)")
  (net 61 "Net-(J12-Pad16)")
  (net 62 "Net-(J12-Pad18)")
  (net 63 "Net-(J12-Pad20)")
  (net 64 "Net-(J12-Pad22)")
  (net 65 "Net-(J12-Pad24)")
  (net 66 "Net-(J12-Pad26)")
  (net 67 "Net-(J12-Pad28)")
  (net 68 "Net-(J12-Pad30)")
  (net 69 "Net-(J13-Pad30)")
  (net 70 "Net-(J13-Pad28)")
  (net 71 "Net-(J13-Pad26)")
  (net 72 "Net-(J13-Pad24)")
  (net 73 "Net-(J13-Pad22)")
  (net 74 "Net-(J13-Pad20)")
  (net 75 "Net-(J13-Pad18)")
  (net 76 "Net-(J13-Pad16)")
  (net 77 "Net-(J13-Pad29)")
  (net 78 "Net-(J13-Pad27)")
  (net 79 "Net-(J13-Pad25)")
  (net 80 "Net-(J13-Pad23)")
  (net 81 "Net-(J13-Pad21)")
  (net 82 "Net-(J13-Pad19)")
  (net 83 "Net-(J13-Pad17)")
  (net 84 /camera-light_LED_OUT)
  (net 85 /piboard_GND)
  (net 86 /piboard_5V)
  (net 87 /camera-light_GND)
  (net 88 "Net-(J13-Pad1)")
  (net 89 "Net-(J13-Pad3)")
  (net 90 "Net-(J13-Pad5)")
  (net 91 "Net-(J13-Pad7)")
  (net 92 "Net-(J13-Pad9)")
  (net 93 "Net-(J13-Pad11)")
  (net 94 "Net-(J13-Pad13)")
  (net 95 "Net-(J13-Pad15)")
  (net 96 "Net-(J13-Pad2)")
  (net 97 "Net-(J13-Pad4)")
  (net 98 "Net-(J13-Pad6)")
  (net 99 "Net-(J13-Pad8)")
  (net 100 "Net-(J13-Pad10)")
  (net 101 "Net-(J13-Pad12)")
  (net 102 "Net-(J13-Pad14)")
  (net 103 /flir_SDA)
  (net 104 /flir_CE)
  (net 105 /flir_MOSI)
  (net 106 /flir_GND)
  (net 107 /uart_RX)
  (net 108 "Net-(J12-Pad3)")
  (net 109 "Net-(J12-Pad1)")
  (net 110 /flir_SCL)
  (net 111 /flir_MISO)
  (net 112 /flir_CLCK)
  (net 113 /flir_VCC)
  (net 114 /uart_TX)
  (net 115 "Net-(J12-Pad4)")
  (net 116 "Net-(J12-Pad2)")
  (net 117 "Net-(J14-Pad1)")
  (net 118 "Net-(J14-Pad2)")
  (net 119 /enc3_5V)
  (net 120 /enc3_GND)
  (net 121 /enc3_A+)
  (net 122 /enc3_A-)
  (net 123 /enc3_B+)
  (net 124 /enc3_B-)
  (net 125 "Net-(J15-Pad1)")
  (net 126 "Net-(J15-Pad2)")
  (net 127 "Net-(J10-Pad14)")
  (net 128 "Net-(J10-Pad12)")
  (net 129 /enc2_B-)
  (net 130 "Net-(J10-Pad10)")
  (net 131 /enc2_A-)
  (net 132 /enc2_A+)
  (net 133 /enc2_GND)
  (net 134 /enc2_5V)
  (net 135 "Net-(J10-Pad5)")
  (net 136 "Net-(J10-Pad1)")
  (net 137 "Net-(J11-Pad1)")
  (net 138 "Net-(J11-Pad5)")
  (net 139 /enc1_GND)
  (net 140 /enc1_5V)
  (net 141 /enc1_A+)
  (net 142 /enc1_A-)
  (net 143 /enc1_B+)
  (net 144 /enc1_B-)
  (net 145 "Net-(J11-Pad12)")
  (net 146 "Net-(J11-Pad14)")
  (net 147 "Net-(J12-Pad5)")
  (net 148 /enc2_B+)
  (net 149 "Net-(J10-Pad2)")
  (net 150 "Net-(J10-Pad6)")
  (net 151 "Net-(J10-Pad4)")
  (net 152 "Net-(J10-Pad8)")
  (net 153 "Net-(J11-Pad2)")
  (net 154 "Net-(J11-Pad6)")
  (net 155 "Net-(J11-Pad10)")
  (net 156 "Net-(J11-Pad4)")
  (net 157 "Net-(J11-Pad8)")
  (net 158 "Net-(J12-Pad12)")
  (net 159 "Net-(J12-Pad8)")
  (net 160 "Net-(J12-Pad14)")
  (net 161 "Net-(J12-Pad10)")
  (net 162 "Net-(J12-Pad6)")
  (net 163 "Net-(J12-Pad7)")
  (net 164 "Net-(J9-Pad9)")
  (net 165 "Net-(J10-Pad9)")
  (net 166 "Net-(J11-Pad9)")
  (net 167 "Net-(J12-Pad9)")
  (net 168 "Net-(J15-Pad14)")
  (net 169 "Net-(J15-Pad15)")
  (net 170 "Net-(J15-Pad7)")
  (net 171 "Net-(J15-Pad8)")
  (net 172 "Net-(J15-Pad9)")
  (net 173 "Net-(J15-Pad10)")
  (net 174 "Net-(J15-Pad11)")
  (net 175 "Net-(J15-Pad12)")
  (net 176 "Net-(J15-Pad13)")
  (net 177 "Net-(J15-Pad20)")
  (net 178 "Net-(J15-Pad21)")
  (net 179 "Net-(J15-Pad22)")
  (net 180 "Net-(J15-Pad23)")
  (net 181 "Net-(J15-Pad24)")
  (net 182 "Net-(J15-Pad25)")
  (net 183 "Net-(J15-Pad0)")

  (net_class Default "This is the default net class."
    (clearance 0.175)
    (trace_width 0.25)
    (via_dia 0.8)
    (via_drill 0.4)
    (uvia_dia 0.3)
    (uvia_drill 0.1)
    (add_net /camera-light_GND)
    (add_net /camera-light_LED_OUT)
    (add_net /enc1_5V)
    (add_net /enc1_A+)
    (add_net /enc1_A-)
    (add_net /enc1_B+)
    (add_net /enc1_B-)
    (add_net /enc1_GND)
    (add_net /enc2_5V)
    (add_net /enc2_A+)
    (add_net /enc2_A-)
    (add_net /enc2_B+)
    (add_net /enc2_B-)
    (add_net /enc2_GND)
    (add_net /enc3_5V)
    (add_net /enc3_A+)
    (add_net /enc3_A-)
    (add_net /enc3_B+)
    (add_net /enc3_B-)
    (add_net /enc3_GND)
    (add_net /flir_CE)
    (add_net /flir_CLCK)
    (add_net /flir_GND)
    (add_net /flir_MISO)
    (add_net /flir_MOSI)
    (add_net /flir_SCL)
    (add_net /flir_SDA)
    (add_net /flir_VCC)
    (add_net /piboard_5V)
    (add_net /piboard_GND)
    (add_net /uart_RX)
    (add_net /uart_TX)
    (add_net "Net-(J1-Pad1)")
    (add_net "Net-(J1-Pad10)")
    (add_net "Net-(J1-Pad11)")
    (add_net "Net-(J1-Pad12)")
    (add_net "Net-(J1-Pad13)")
    (add_net "Net-(J1-Pad14)")
    (add_net "Net-(J1-Pad15)")
    (add_net "Net-(J1-Pad2)")
    (add_net "Net-(J1-Pad3)")
    (add_net "Net-(J1-Pad4)")
    (add_net "Net-(J1-Pad5)")
    (add_net "Net-(J1-Pad6)")
    (add_net "Net-(J1-Pad7)")
    (add_net "Net-(J1-Pad8)")
    (add_net "Net-(J1-Pad9)")
    (add_net "Net-(J10-Pad1)")
    (add_net "Net-(J10-Pad10)")
    (add_net "Net-(J10-Pad12)")
    (add_net "Net-(J10-Pad14)")
    (add_net "Net-(J10-Pad16)")
    (add_net "Net-(J10-Pad18)")
    (add_net "Net-(J10-Pad19)")
    (add_net "Net-(J10-Pad2)")
    (add_net "Net-(J10-Pad20)")
    (add_net "Net-(J10-Pad22)")
    (add_net "Net-(J10-Pad23)")
    (add_net "Net-(J10-Pad24)")
    (add_net "Net-(J10-Pad25)")
    (add_net "Net-(J10-Pad26)")
    (add_net "Net-(J10-Pad27)")
    (add_net "Net-(J10-Pad28)")
    (add_net "Net-(J10-Pad29)")
    (add_net "Net-(J10-Pad30)")
    (add_net "Net-(J10-Pad4)")
    (add_net "Net-(J10-Pad5)")
    (add_net "Net-(J10-Pad6)")
    (add_net "Net-(J10-Pad8)")
    (add_net "Net-(J10-Pad9)")
    (add_net "Net-(J11-Pad1)")
    (add_net "Net-(J11-Pad10)")
    (add_net "Net-(J11-Pad12)")
    (add_net "Net-(J11-Pad14)")
    (add_net "Net-(J11-Pad16)")
    (add_net "Net-(J11-Pad18)")
    (add_net "Net-(J11-Pad2)")
    (add_net "Net-(J11-Pad20)")
    (add_net "Net-(J11-Pad22)")
    (add_net "Net-(J11-Pad23)")
    (add_net "Net-(J11-Pad24)")
    (add_net "Net-(J11-Pad25)")
    (add_net "Net-(J11-Pad26)")
    (add_net "Net-(J11-Pad27)")
    (add_net "Net-(J11-Pad28)")
    (add_net "Net-(J11-Pad29)")
    (add_net "Net-(J11-Pad30)")
    (add_net "Net-(J11-Pad4)")
    (add_net "Net-(J11-Pad5)")
    (add_net "Net-(J11-Pad6)")
    (add_net "Net-(J11-Pad8)")
    (add_net "Net-(J11-Pad9)")
    (add_net "Net-(J12-Pad1)")
    (add_net "Net-(J12-Pad10)")
    (add_net "Net-(J12-Pad12)")
    (add_net "Net-(J12-Pad14)")
    (add_net "Net-(J12-Pad16)")
    (add_net "Net-(J12-Pad18)")
    (add_net "Net-(J12-Pad2)")
    (add_net "Net-(J12-Pad20)")
    (add_net "Net-(J12-Pad22)")
    (add_net "Net-(J12-Pad24)")
    (add_net "Net-(J12-Pad26)")
    (add_net "Net-(J12-Pad28)")
    (add_net "Net-(J12-Pad3)")
    (add_net "Net-(J12-Pad30)")
    (add_net "Net-(J12-Pad4)")
    (add_net "Net-(J12-Pad5)")
    (add_net "Net-(J12-Pad6)")
    (add_net "Net-(J12-Pad7)")
    (add_net "Net-(J12-Pad8)")
    (add_net "Net-(J12-Pad9)")
    (add_net "Net-(J13-Pad1)")
    (add_net "Net-(J13-Pad10)")
    (add_net "Net-(J13-Pad11)")
    (add_net "Net-(J13-Pad12)")
    (add_net "Net-(J13-Pad13)")
    (add_net "Net-(J13-Pad14)")
    (add_net "Net-(J13-Pad15)")
    (add_net "Net-(J13-Pad16)")
    (add_net "Net-(J13-Pad17)")
    (add_net "Net-(J13-Pad18)")
    (add_net "Net-(J13-Pad19)")
    (add_net "Net-(J13-Pad2)")
    (add_net "Net-(J13-Pad20)")
    (add_net "Net-(J13-Pad21)")
    (add_net "Net-(J13-Pad22)")
    (add_net "Net-(J13-Pad23)")
    (add_net "Net-(J13-Pad24)")
    (add_net "Net-(J13-Pad25)")
    (add_net "Net-(J13-Pad26)")
    (add_net "Net-(J13-Pad27)")
    (add_net "Net-(J13-Pad28)")
    (add_net "Net-(J13-Pad29)")
    (add_net "Net-(J13-Pad3)")
    (add_net "Net-(J13-Pad30)")
    (add_net "Net-(J13-Pad4)")
    (add_net "Net-(J13-Pad5)")
    (add_net "Net-(J13-Pad6)")
    (add_net "Net-(J13-Pad7)")
    (add_net "Net-(J13-Pad8)")
    (add_net "Net-(J13-Pad9)")
    (add_net "Net-(J14-Pad1)")
    (add_net "Net-(J14-Pad2)")
    (add_net "Net-(J15-Pad0)")
    (add_net "Net-(J15-Pad1)")
    (add_net "Net-(J15-Pad10)")
    (add_net "Net-(J15-Pad11)")
    (add_net "Net-(J15-Pad12)")
    (add_net "Net-(J15-Pad13)")
    (add_net "Net-(J15-Pad14)")
    (add_net "Net-(J15-Pad15)")
    (add_net "Net-(J15-Pad2)")
    (add_net "Net-(J15-Pad20)")
    (add_net "Net-(J15-Pad21)")
    (add_net "Net-(J15-Pad22)")
    (add_net "Net-(J15-Pad23)")
    (add_net "Net-(J15-Pad24)")
    (add_net "Net-(J15-Pad25)")
    (add_net "Net-(J15-Pad7)")
    (add_net "Net-(J15-Pad8)")
    (add_net "Net-(J15-Pad9)")
    (add_net "Net-(J6-Pad1)")
    (add_net "Net-(J6-Pad2)")
    (add_net "Net-(J6-Pad3)")
    (add_net "Net-(J6-Pad6)")
    (add_net "Net-(J6-Pad9)")
    (add_net "Net-(J8-Pad10)")
    (add_net "Net-(J8-Pad11)")
    (add_net "Net-(J8-Pad19)")
    (add_net "Net-(J8-Pad22)")
    (add_net "Net-(J8-Pad23)")
    (add_net "Net-(J8-Pad6)")
    (add_net "Net-(J8-Pad7)")
    (add_net "Net-(J9-Pad9)")
    (add_net "Net-(U1-Pad1)")
    (add_net "Net-(U1-Pad10)")
    (add_net "Net-(U1-Pad15)")
    (add_net "Net-(U1-Pad18)")
    (add_net "Net-(U1-Pad21)")
    (add_net "Net-(U1-Pad26)")
    (add_net "Net-(U1-Pad8)")
    (add_net "Net-(U1-Pad9)")
  )

  (module Connector_Dsub:DSUB-26-HD_Male_Vertical_P2.29x1.98mm_MountingHoles (layer B.Cu) (tedit 59FEDEE2) (tstamp 5C830816)
    (at 113.267 97.89 90)
    (descr "26-pin D-Sub connector, straight/vertical, THT-mount, male, pitch 2.29x1.98mm, distance of mounting holes 33.3mm, see https://disti-assets.s3.amazonaws.com/tonar/files/datasheets/16730.pdf")
    (tags "26-pin D-Sub connector straight vertical THT male pitch 2.29x1.98mm mounting holes distance 33.3mm")
    (path /5C5F3AD9)
    (fp_text reference U1 (at 8.625 5.33 90) (layer B.SilkS)
      (effects (font (size 1 1) (thickness 0.15)) (justify mirror))
    )
    (fp_text value DB_26 (at 8.625 -9.29 90) (layer B.Fab)
      (effects (font (size 1 1) (thickness 0.15)) (justify mirror))
    )
    (fp_arc (start -9.975 3.27) (end -10.975 3.27) (angle -90) (layer B.Fab) (width 0.1))
    (fp_arc (start 27.225 3.27) (end 27.225 4.27) (angle -90) (layer B.Fab) (width 0.1))
    (fp_arc (start -9.975 -7.23) (end -10.975 -7.23) (angle 90) (layer B.Fab) (width 0.1))
    (fp_arc (start 27.225 -7.23) (end 28.225 -7.23) (angle -90) (layer B.Fab) (width 0.1))
    (fp_arc (start -9.975 3.27) (end -11.035 3.27) (angle -90) (layer B.SilkS) (width 0.12))
    (fp_arc (start 27.225 3.27) (end 27.225 4.33) (angle -90) (layer B.SilkS) (width 0.12))
    (fp_arc (start -9.975 -7.23) (end -11.035 -7.23) (angle 90) (layer B.SilkS) (width 0.12))
    (fp_arc (start 27.225 -7.23) (end 28.285 -7.23) (angle -90) (layer B.SilkS) (width 0.12))
    (fp_arc (start -1.768194 0.57) (end -1.768194 2.17) (angle 100) (layer B.Fab) (width 0.1))
    (fp_arc (start 19.018194 0.57) (end 19.018194 2.17) (angle -100) (layer B.Fab) (width 0.1))
    (fp_arc (start -0.868927 -4.53) (end -0.868927 -6.13) (angle -80) (layer B.Fab) (width 0.1))
    (fp_arc (start 18.118927 -4.53) (end 18.118927 -6.13) (angle 80) (layer B.Fab) (width 0.1))
    (fp_arc (start -1.756689 0.57) (end -1.756689 2.23) (angle 100) (layer B.SilkS) (width 0.12))
    (fp_arc (start 19.006689 0.57) (end 19.006689 2.23) (angle -100) (layer B.SilkS) (width 0.12))
    (fp_arc (start -0.857421 -4.53) (end -0.857421 -6.19) (angle -80) (layer B.SilkS) (width 0.12))
    (fp_arc (start 18.107421 -4.53) (end 18.107421 -6.19) (angle 80) (layer B.SilkS) (width 0.12))
    (fp_line (start -9.975 4.27) (end 27.225 4.27) (layer B.Fab) (width 0.1))
    (fp_line (start 28.225 3.27) (end 28.225 -7.23) (layer B.Fab) (width 0.1))
    (fp_line (start 27.225 -8.23) (end -9.975 -8.23) (layer B.Fab) (width 0.1))
    (fp_line (start -10.975 -7.23) (end -10.975 3.27) (layer B.Fab) (width 0.1))
    (fp_line (start -9.975 4.33) (end 27.225 4.33) (layer B.SilkS) (width 0.12))
    (fp_line (start 28.285 3.27) (end 28.285 -7.23) (layer B.SilkS) (width 0.12))
    (fp_line (start 27.225 -8.29) (end -9.975 -8.29) (layer B.SilkS) (width 0.12))
    (fp_line (start -11.035 -7.23) (end -11.035 3.27) (layer B.SilkS) (width 0.12))
    (fp_line (start -0.25 5.224338) (end 0.25 5.224338) (layer B.SilkS) (width 0.12))
    (fp_line (start 0.25 5.224338) (end 0 4.791325) (layer B.SilkS) (width 0.12))
    (fp_line (start 0 4.791325) (end -0.25 5.224338) (layer B.SilkS) (width 0.12))
    (fp_line (start -1.768194 2.17) (end 19.018194 2.17) (layer B.Fab) (width 0.1))
    (fp_line (start -0.868927 -6.13) (end 18.118927 -6.13) (layer B.Fab) (width 0.1))
    (fp_line (start 20.593887 0.292163) (end 19.694619 -4.807837) (layer B.Fab) (width 0.1))
    (fp_line (start -3.343887 0.292163) (end -2.444619 -4.807837) (layer B.Fab) (width 0.1))
    (fp_line (start -1.756689 2.23) (end 19.006689 2.23) (layer B.SilkS) (width 0.12))
    (fp_line (start -0.857421 -6.19) (end 18.107421 -6.19) (layer B.SilkS) (width 0.12))
    (fp_line (start 20.64147 0.281744) (end 19.742202 -4.818256) (layer B.SilkS) (width 0.12))
    (fp_line (start -3.39147 0.281744) (end -2.492202 -4.818256) (layer B.SilkS) (width 0.12))
    (fp_line (start -11.5 4.8) (end -11.5 -8.75) (layer B.CrtYd) (width 0.05))
    (fp_line (start -11.5 -8.75) (end 28.75 -8.75) (layer B.CrtYd) (width 0.05))
    (fp_line (start 28.75 -8.75) (end 28.75 4.8) (layer B.CrtYd) (width 0.05))
    (fp_line (start 28.75 4.8) (end -11.5 4.8) (layer B.CrtYd) (width 0.05))
    (fp_text user %R (at 8.625 -1.98 90) (layer B.Fab)
      (effects (font (size 1 1) (thickness 0.15)) (justify mirror))
    )
    (pad 1 thru_hole rect (at 0 0 90) (size 1.6 1.6) (drill 1) (layers *.Cu *.Mask)
      (net 28 "Net-(U1-Pad1)"))
    (pad 2 thru_hole circle (at 2.29 0 90) (size 1.6 1.6) (drill 1) (layers *.Cu *.Mask)
      (net 141 /enc1_A+))
    (pad 3 thru_hole circle (at 4.58 0 90) (size 1.6 1.6) (drill 1) (layers *.Cu *.Mask)
      (net 144 /enc1_B-))
    (pad 4 thru_hole circle (at 6.87 0 90) (size 1.6 1.6) (drill 1) (layers *.Cu *.Mask)
      (net 133 /enc2_GND))
    (pad 5 thru_hole circle (at 9.16 0 90) (size 1.6 1.6) (drill 1) (layers *.Cu *.Mask)
      (net 148 /enc2_B+))
    (pad 6 thru_hole circle (at 11.45 0 90) (size 1.6 1.6) (drill 1) (layers *.Cu *.Mask)
      (net 119 /enc3_5V))
    (pad 7 thru_hole circle (at 13.74 0 90) (size 1.6 1.6) (drill 1) (layers *.Cu *.Mask)
      (net 122 /enc3_A-))
    (pad 8 thru_hole circle (at 16.03 0 90) (size 1.6 1.6) (drill 1) (layers *.Cu *.Mask)
      (net 29 "Net-(U1-Pad8)"))
    (pad 9 thru_hole circle (at 18.32 0 90) (size 1.6 1.6) (drill 1) (layers *.Cu *.Mask)
      (net 30 "Net-(U1-Pad9)"))
    (pad 10 thru_hole circle (at -1.145 -1.98 90) (size 1.6 1.6) (drill 1) (layers *.Cu *.Mask)
      (net 31 "Net-(U1-Pad10)"))
    (pad 11 thru_hole circle (at 1.145 -1.98 90) (size 1.6 1.6) (drill 1) (layers *.Cu *.Mask)
      (net 140 /enc1_5V))
    (pad 12 thru_hole circle (at 3.435 -1.98 90) (size 1.6 1.6) (drill 1) (layers *.Cu *.Mask)
      (net 143 /enc1_B+))
    (pad 13 thru_hole circle (at 5.725 -1.98 90) (size 1.6 1.6) (drill 1) (layers *.Cu *.Mask)
      (net 134 /enc2_5V))
    (pad 14 thru_hole circle (at 8.015 -1.98 90) (size 1.6 1.6) (drill 1) (layers *.Cu *.Mask)
      (net 131 /enc2_A-))
    (pad 15 thru_hole circle (at 10.305 -1.98 90) (size 1.6 1.6) (drill 1) (layers *.Cu *.Mask)
      (net 32 "Net-(U1-Pad15)"))
    (pad 16 thru_hole circle (at 12.595 -1.98 90) (size 1.6 1.6) (drill 1) (layers *.Cu *.Mask)
      (net 121 /enc3_A+))
    (pad 17 thru_hole circle (at 14.885 -1.98 90) (size 1.6 1.6) (drill 1) (layers *.Cu *.Mask)
      (net 124 /enc3_B-))
    (pad 18 thru_hole circle (at 17.175 -1.98 90) (size 1.6 1.6) (drill 1) (layers *.Cu *.Mask)
      (net 33 "Net-(U1-Pad18)"))
    (pad 19 thru_hole circle (at 0 -3.96 90) (size 1.6 1.6) (drill 1) (layers *.Cu *.Mask)
      (net 139 /enc1_GND))
    (pad 20 thru_hole circle (at 2.29 -3.96 90) (size 1.6 1.6) (drill 1) (layers *.Cu *.Mask)
      (net 142 /enc1_A-))
    (pad 21 thru_hole circle (at 4.58 -3.96 90) (size 1.6 1.6) (drill 1) (layers *.Cu *.Mask)
      (net 34 "Net-(U1-Pad21)"))
    (pad 22 thru_hole circle (at 6.87 -3.96 90) (size 1.6 1.6) (drill 1) (layers *.Cu *.Mask)
      (net 132 /enc2_A+))
    (pad 23 thru_hole circle (at 9.16 -3.96 90) (size 1.6 1.6) (drill 1) (layers *.Cu *.Mask)
      (net 129 /enc2_B-))
    (pad 24 thru_hole circle (at 11.45 -3.96 90) (size 1.6 1.6) (drill 1) (layers *.Cu *.Mask)
      (net 120 /enc3_GND))
    (pad 25 thru_hole circle (at 13.74 -3.96 90) (size 1.6 1.6) (drill 1) (layers *.Cu *.Mask)
      (net 123 /enc3_B+))
    (pad 26 thru_hole circle (at 16.03 -3.96 90) (size 1.6 1.6) (drill 1) (layers *.Cu *.Mask)
      (net 35 "Net-(U1-Pad26)"))
    (pad 0 thru_hole circle (at -8.025 -1.98 90) (size 4 4) (drill 3.2) (layers *.Cu *.Mask))
    (pad 0 thru_hole circle (at 25.275 -1.98 90) (size 4 4) (drill 3.2) (layers *.Cu *.Mask))
    (model ${KISYS3DMOD}/Connector_Dsub.3dshapes/DSUB-26-HD_Male_Vertical_P2.29x1.98mm_MountingHoles.wrl
      (at (xyz 0 0 0))
      (scale (xyz 1 1 1))
      (rotate (xyz 0 0 0))
    )
  )

  (module Connector_Dsub:DSUB-15_Female_Vertical_P2.77x2.84mm_MountingHoles (layer F.Cu) (tedit 59FEDEE2) (tstamp 5C83061F)
    (at 50 50)
    (descr "15-pin D-Sub connector, straight/vertical, THT-mount, female, pitch 2.77x2.84mm, distance of mounting holes 33.3mm, see https://disti-assets.s3.amazonaws.com/tonar/files/datasheets/16730.pdf")
    (tags "15-pin D-Sub connector straight vertical THT female pitch 2.77x2.84mm mounting holes distance 33.3mm")
    (path /5C45832A)
    (fp_text reference J1 (at -9.695 -5.89) (layer F.SilkS)
      (effects (font (size 1 1) (thickness 0.15)))
    )
    (fp_text value DB15_Female (at -9.695 8.73) (layer F.Fab)
      (effects (font (size 1 1) (thickness 0.15)))
    )
    (fp_text user %R (at -9.695 1.42) (layer F.Fab)
      (effects (font (size 1 1) (thickness 0.15)))
    )
    (fp_line (start 10.45 -5.35) (end -29.8 -5.35) (layer F.CrtYd) (width 0.05))
    (fp_line (start 10.45 8.2) (end 10.45 -5.35) (layer F.CrtYd) (width 0.05))
    (fp_line (start -29.8 8.2) (end 10.45 8.2) (layer F.CrtYd) (width 0.05))
    (fp_line (start -29.8 -5.35) (end -29.8 8.2) (layer F.CrtYd) (width 0.05))
    (fp_line (start -21.71147 -0.641744) (end -20.882733 4.058256) (layer F.SilkS) (width 0.12))
    (fp_line (start 2.32147 -0.641744) (end 1.492733 4.058256) (layer F.SilkS) (width 0.12))
    (fp_line (start -19.247952 5.43) (end -0.142048 5.43) (layer F.SilkS) (width 0.12))
    (fp_line (start -20.076689 -2.59) (end 0.686689 -2.59) (layer F.SilkS) (width 0.12))
    (fp_line (start -21.663887 -0.652163) (end -20.83515 4.047837) (layer F.Fab) (width 0.1))
    (fp_line (start 2.273887 -0.652163) (end 1.44515 4.047837) (layer F.Fab) (width 0.1))
    (fp_line (start -19.259457 5.37) (end -0.130543 5.37) (layer F.Fab) (width 0.1))
    (fp_line (start -20.088194 -2.53) (end 0.698194 -2.53) (layer F.Fab) (width 0.1))
    (fp_line (start 0 -5.351325) (end -0.25 -5.784338) (layer F.SilkS) (width 0.12))
    (fp_line (start 0.25 -5.784338) (end 0 -5.351325) (layer F.SilkS) (width 0.12))
    (fp_line (start -0.25 -5.784338) (end 0.25 -5.784338) (layer F.SilkS) (width 0.12))
    (fp_line (start -29.355 6.67) (end -29.355 -3.83) (layer F.SilkS) (width 0.12))
    (fp_line (start 8.905 7.73) (end -28.295 7.73) (layer F.SilkS) (width 0.12))
    (fp_line (start 9.965 -3.83) (end 9.965 6.67) (layer F.SilkS) (width 0.12))
    (fp_line (start -28.295 -4.89) (end 8.905 -4.89) (layer F.SilkS) (width 0.12))
    (fp_line (start -29.295 6.67) (end -29.295 -3.83) (layer F.Fab) (width 0.1))
    (fp_line (start 8.905 7.67) (end -28.295 7.67) (layer F.Fab) (width 0.1))
    (fp_line (start 9.905 -3.83) (end 9.905 6.67) (layer F.Fab) (width 0.1))
    (fp_line (start -28.295 -4.83) (end 8.905 -4.83) (layer F.Fab) (width 0.1))
    (fp_arc (start -0.142048 3.77) (end -0.142048 5.43) (angle -80) (layer F.SilkS) (width 0.12))
    (fp_arc (start -19.247952 3.77) (end -19.247952 5.43) (angle 80) (layer F.SilkS) (width 0.12))
    (fp_arc (start 0.686689 -0.93) (end 0.686689 -2.59) (angle 100) (layer F.SilkS) (width 0.12))
    (fp_arc (start -20.076689 -0.93) (end -20.076689 -2.59) (angle -100) (layer F.SilkS) (width 0.12))
    (fp_arc (start -0.130543 3.77) (end -0.130543 5.37) (angle -80) (layer F.Fab) (width 0.1))
    (fp_arc (start -19.259457 3.77) (end -19.259457 5.37) (angle 80) (layer F.Fab) (width 0.1))
    (fp_arc (start 0.698194 -0.93) (end 0.698194 -2.53) (angle 100) (layer F.Fab) (width 0.1))
    (fp_arc (start -20.088194 -0.93) (end -20.088194 -2.53) (angle -100) (layer F.Fab) (width 0.1))
    (fp_arc (start 8.905 6.67) (end 9.965 6.67) (angle 90) (layer F.SilkS) (width 0.12))
    (fp_arc (start -28.295 6.67) (end -29.355 6.67) (angle -90) (layer F.SilkS) (width 0.12))
    (fp_arc (start 8.905 -3.83) (end 8.905 -4.89) (angle 90) (layer F.SilkS) (width 0.12))
    (fp_arc (start -28.295 -3.83) (end -29.355 -3.83) (angle 90) (layer F.SilkS) (width 0.12))
    (fp_arc (start 8.905 6.67) (end 9.905 6.67) (angle 90) (layer F.Fab) (width 0.1))
    (fp_arc (start -28.295 6.67) (end -29.295 6.67) (angle -90) (layer F.Fab) (width 0.1))
    (fp_arc (start 8.905 -3.83) (end 8.905 -4.83) (angle 90) (layer F.Fab) (width 0.1))
    (fp_arc (start -28.295 -3.83) (end -29.295 -3.83) (angle 90) (layer F.Fab) (width 0.1))
    (pad 0 thru_hole circle (at 6.955 1.42) (size 4 4) (drill 3.2) (layers *.Cu *.Mask))
    (pad 0 thru_hole circle (at -26.345 1.42) (size 4 4) (drill 3.2) (layers *.Cu *.Mask))
    (pad 15 thru_hole circle (at -18.005 2.84) (size 1.6 1.6) (drill 1) (layers *.Cu *.Mask)
      (net 1 "Net-(J1-Pad15)"))
    (pad 14 thru_hole circle (at -15.235 2.84) (size 1.6 1.6) (drill 1) (layers *.Cu *.Mask)
      (net 2 "Net-(J1-Pad14)"))
    (pad 13 thru_hole circle (at -12.465 2.84) (size 1.6 1.6) (drill 1) (layers *.Cu *.Mask)
      (net 3 "Net-(J1-Pad13)"))
    (pad 12 thru_hole circle (at -9.695 2.84) (size 1.6 1.6) (drill 1) (layers *.Cu *.Mask)
      (net 4 "Net-(J1-Pad12)"))
    (pad 11 thru_hole circle (at -6.925 2.84) (size 1.6 1.6) (drill 1) (layers *.Cu *.Mask)
      (net 5 "Net-(J1-Pad11)"))
    (pad 10 thru_hole circle (at -4.155 2.84) (size 1.6 1.6) (drill 1) (layers *.Cu *.Mask)
      (net 6 "Net-(J1-Pad10)"))
    (pad 9 thru_hole circle (at -1.385 2.84) (size 1.6 1.6) (drill 1) (layers *.Cu *.Mask)
      (net 7 "Net-(J1-Pad9)"))
    (pad 8 thru_hole circle (at -19.39 0) (size 1.6 1.6) (drill 1) (layers *.Cu *.Mask)
      (net 8 "Net-(J1-Pad8)"))
    (pad 7 thru_hole circle (at -16.62 0) (size 1.6 1.6) (drill 1) (layers *.Cu *.Mask)
      (net 9 "Net-(J1-Pad7)"))
    (pad 6 thru_hole circle (at -13.85 0) (size 1.6 1.6) (drill 1) (layers *.Cu *.Mask)
      (net 10 "Net-(J1-Pad6)"))
    (pad 5 thru_hole circle (at -11.08 0) (size 1.6 1.6) (drill 1) (layers *.Cu *.Mask)
      (net 11 "Net-(J1-Pad5)"))
    (pad 4 thru_hole circle (at -8.31 0) (size 1.6 1.6) (drill 1) (layers *.Cu *.Mask)
      (net 12 "Net-(J1-Pad4)"))
    (pad 3 thru_hole circle (at -5.54 0) (size 1.6 1.6) (drill 1) (layers *.Cu *.Mask)
      (net 13 "Net-(J1-Pad3)"))
    (pad 2 thru_hole circle (at -2.77 0) (size 1.6 1.6) (drill 1) (layers *.Cu *.Mask)
      (net 14 "Net-(J1-Pad2)"))
    (pad 1 thru_hole rect (at 0 0) (size 1.6 1.6) (drill 1) (layers *.Cu *.Mask)
      (net 15 "Net-(J1-Pad1)"))
    (model ${KISYS3DMOD}/Connector_Dsub.3dshapes/DSUB-15_Female_Vertical_P2.77x2.84mm_MountingHoles.wrl
      (at (xyz 0 0 0))
      (scale (xyz 1 1 1))
      (rotate (xyz 0 0 0))
    )
  )

  (module Connector_Dsub:DSUB-15_Female_Vertical_P2.77x2.84mm_MountingHoles (layer F.Cu) (tedit 59FEDEE2) (tstamp 5C83065C)
    (at 92 50)
    (descr "15-pin D-Sub connector, straight/vertical, THT-mount, female, pitch 2.77x2.84mm, distance of mounting holes 33.3mm, see https://disti-assets.s3.amazonaws.com/tonar/files/datasheets/16730.pdf")
    (tags "15-pin D-Sub connector straight vertical THT female pitch 2.77x2.84mm mounting holes distance 33.3mm")
    (path /5C4583A8)
    (fp_text reference J2 (at -9.695 -5.89) (layer F.SilkS)
      (effects (font (size 1 1) (thickness 0.15)))
    )
    (fp_text value DB15_Female (at -9.695 8.73) (layer F.Fab)
      (effects (font (size 1 1) (thickness 0.15)))
    )
    (fp_arc (start -28.295 -3.83) (end -29.295 -3.83) (angle 90) (layer F.Fab) (width 0.1))
    (fp_arc (start 8.905 -3.83) (end 8.905 -4.83) (angle 90) (layer F.Fab) (width 0.1))
    (fp_arc (start -28.295 6.67) (end -29.295 6.67) (angle -90) (layer F.Fab) (width 0.1))
    (fp_arc (start 8.905 6.67) (end 9.905 6.67) (angle 90) (layer F.Fab) (width 0.1))
    (fp_arc (start -28.295 -3.83) (end -29.355 -3.83) (angle 90) (layer F.SilkS) (width 0.12))
    (fp_arc (start 8.905 -3.83) (end 8.905 -4.89) (angle 90) (layer F.SilkS) (width 0.12))
    (fp_arc (start -28.295 6.67) (end -29.355 6.67) (angle -90) (layer F.SilkS) (width 0.12))
    (fp_arc (start 8.905 6.67) (end 9.965 6.67) (angle 90) (layer F.SilkS) (width 0.12))
    (fp_arc (start -20.088194 -0.93) (end -20.088194 -2.53) (angle -100) (layer F.Fab) (width 0.1))
    (fp_arc (start 0.698194 -0.93) (end 0.698194 -2.53) (angle 100) (layer F.Fab) (width 0.1))
    (fp_arc (start -19.259457 3.77) (end -19.259457 5.37) (angle 80) (layer F.Fab) (width 0.1))
    (fp_arc (start -0.130543 3.77) (end -0.130543 5.37) (angle -80) (layer F.Fab) (width 0.1))
    (fp_arc (start -20.076689 -0.93) (end -20.076689 -2.59) (angle -100) (layer F.SilkS) (width 0.12))
    (fp_arc (start 0.686689 -0.93) (end 0.686689 -2.59) (angle 100) (layer F.SilkS) (width 0.12))
    (fp_arc (start -19.247952 3.77) (end -19.247952 5.43) (angle 80) (layer F.SilkS) (width 0.12))
    (fp_arc (start -0.142048 3.77) (end -0.142048 5.43) (angle -80) (layer F.SilkS) (width 0.12))
    (fp_line (start -28.295 -4.83) (end 8.905 -4.83) (layer F.Fab) (width 0.1))
    (fp_line (start 9.905 -3.83) (end 9.905 6.67) (layer F.Fab) (width 0.1))
    (fp_line (start 8.905 7.67) (end -28.295 7.67) (layer F.Fab) (width 0.1))
    (fp_line (start -29.295 6.67) (end -29.295 -3.83) (layer F.Fab) (width 0.1))
    (fp_line (start -28.295 -4.89) (end 8.905 -4.89) (layer F.SilkS) (width 0.12))
    (fp_line (start 9.965 -3.83) (end 9.965 6.67) (layer F.SilkS) (width 0.12))
    (fp_line (start 8.905 7.73) (end -28.295 7.73) (layer F.SilkS) (width 0.12))
    (fp_line (start -29.355 6.67) (end -29.355 -3.83) (layer F.SilkS) (width 0.12))
    (fp_line (start -0.25 -5.784338) (end 0.25 -5.784338) (layer F.SilkS) (width 0.12))
    (fp_line (start 0.25 -5.784338) (end 0 -5.351325) (layer F.SilkS) (width 0.12))
    (fp_line (start 0 -5.351325) (end -0.25 -5.784338) (layer F.SilkS) (width 0.12))
    (fp_line (start -20.088194 -2.53) (end 0.698194 -2.53) (layer F.Fab) (width 0.1))
    (fp_line (start -19.259457 5.37) (end -0.130543 5.37) (layer F.Fab) (width 0.1))
    (fp_line (start 2.273887 -0.652163) (end 1.44515 4.047837) (layer F.Fab) (width 0.1))
    (fp_line (start -21.663887 -0.652163) (end -20.83515 4.047837) (layer F.Fab) (width 0.1))
    (fp_line (start -20.076689 -2.59) (end 0.686689 -2.59) (layer F.SilkS) (width 0.12))
    (fp_line (start -19.247952 5.43) (end -0.142048 5.43) (layer F.SilkS) (width 0.12))
    (fp_line (start 2.32147 -0.641744) (end 1.492733 4.058256) (layer F.SilkS) (width 0.12))
    (fp_line (start -21.71147 -0.641744) (end -20.882733 4.058256) (layer F.SilkS) (width 0.12))
    (fp_line (start -29.8 -5.35) (end -29.8 8.2) (layer F.CrtYd) (width 0.05))
    (fp_line (start -29.8 8.2) (end 10.45 8.2) (layer F.CrtYd) (width 0.05))
    (fp_line (start 10.45 8.2) (end 10.45 -5.35) (layer F.CrtYd) (width 0.05))
    (fp_line (start 10.45 -5.35) (end -29.8 -5.35) (layer F.CrtYd) (width 0.05))
    (fp_text user %R (at -9.695 1.42) (layer F.Fab)
      (effects (font (size 1 1) (thickness 0.15)))
    )
    (pad 1 thru_hole rect (at 0 0) (size 1.6 1.6) (drill 1) (layers *.Cu *.Mask)
      (net 149 "Net-(J10-Pad2)"))
    (pad 2 thru_hole circle (at -2.77 0) (size 1.6 1.6) (drill 1) (layers *.Cu *.Mask)
      (net 150 "Net-(J10-Pad6)"))
    (pad 3 thru_hole circle (at -5.54 0) (size 1.6 1.6) (drill 1) (layers *.Cu *.Mask)
      (net 130 "Net-(J10-Pad10)"))
    (pad 4 thru_hole circle (at -8.31 0) (size 1.6 1.6) (drill 1) (layers *.Cu *.Mask)
      (net 127 "Net-(J10-Pad14)"))
    (pad 5 thru_hole circle (at -11.08 0) (size 1.6 1.6) (drill 1) (layers *.Cu *.Mask)
      (net 42 "Net-(J10-Pad18)"))
    (pad 6 thru_hole circle (at -13.85 0) (size 1.6 1.6) (drill 1) (layers *.Cu *.Mask)
      (net 40 "Net-(J10-Pad22)"))
    (pad 7 thru_hole circle (at -16.62 0) (size 1.6 1.6) (drill 1) (layers *.Cu *.Mask)
      (net 38 "Net-(J10-Pad26)"))
    (pad 8 thru_hole circle (at -19.39 0) (size 1.6 1.6) (drill 1) (layers *.Cu *.Mask)
      (net 36 "Net-(J10-Pad30)"))
    (pad 9 thru_hole circle (at -1.385 2.84) (size 1.6 1.6) (drill 1) (layers *.Cu *.Mask)
      (net 151 "Net-(J10-Pad4)"))
    (pad 10 thru_hole circle (at -4.155 2.84) (size 1.6 1.6) (drill 1) (layers *.Cu *.Mask)
      (net 152 "Net-(J10-Pad8)"))
    (pad 11 thru_hole circle (at -6.925 2.84) (size 1.6 1.6) (drill 1) (layers *.Cu *.Mask)
      (net 128 "Net-(J10-Pad12)"))
    (pad 12 thru_hole circle (at -9.695 2.84) (size 1.6 1.6) (drill 1) (layers *.Cu *.Mask)
      (net 43 "Net-(J10-Pad16)"))
    (pad 13 thru_hole circle (at -12.465 2.84) (size 1.6 1.6) (drill 1) (layers *.Cu *.Mask)
      (net 41 "Net-(J10-Pad20)"))
    (pad 14 thru_hole circle (at -15.235 2.84) (size 1.6 1.6) (drill 1) (layers *.Cu *.Mask)
      (net 39 "Net-(J10-Pad24)"))
    (pad 15 thru_hole circle (at -18.005 2.84) (size 1.6 1.6) (drill 1) (layers *.Cu *.Mask)
      (net 37 "Net-(J10-Pad28)"))
    (pad 0 thru_hole circle (at -26.345 1.42) (size 4 4) (drill 3.2) (layers *.Cu *.Mask))
    (pad 0 thru_hole circle (at 6.955 1.42) (size 4 4) (drill 3.2) (layers *.Cu *.Mask))
    (model ${KISYS3DMOD}/Connector_Dsub.3dshapes/DSUB-15_Female_Vertical_P2.77x2.84mm_MountingHoles.wrl
      (at (xyz 0 0 0))
      (scale (xyz 1 1 1))
      (rotate (xyz 0 0 0))
    )
  )

  (module Connector_Dsub:DSUB-15_Female_Vertical_P2.77x2.84mm_MountingHoles (layer F.Cu) (tedit 59FEDEE2) (tstamp 5C830699)
    (at 134 50)
    (descr "15-pin D-Sub connector, straight/vertical, THT-mount, female, pitch 2.77x2.84mm, distance of mounting holes 33.3mm, see https://disti-assets.s3.amazonaws.com/tonar/files/datasheets/16730.pdf")
    (tags "15-pin D-Sub connector straight vertical THT female pitch 2.77x2.84mm mounting holes distance 33.3mm")
    (path /5C457FD0)
    (fp_text reference J3 (at -9.695 -5.89) (layer F.SilkS)
      (effects (font (size 1 1) (thickness 0.15)))
    )
    (fp_text value DB15_Female (at -9.695 8.73) (layer F.Fab)
      (effects (font (size 1 1) (thickness 0.15)))
    )
    (fp_arc (start -28.295 -3.83) (end -29.295 -3.83) (angle 90) (layer F.Fab) (width 0.1))
    (fp_arc (start 8.905 -3.83) (end 8.905 -4.83) (angle 90) (layer F.Fab) (width 0.1))
    (fp_arc (start -28.295 6.67) (end -29.295 6.67) (angle -90) (layer F.Fab) (width 0.1))
    (fp_arc (start 8.905 6.67) (end 9.905 6.67) (angle 90) (layer F.Fab) (width 0.1))
    (fp_arc (start -28.295 -3.83) (end -29.355 -3.83) (angle 90) (layer F.SilkS) (width 0.12))
    (fp_arc (start 8.905 -3.83) (end 8.905 -4.89) (angle 90) (layer F.SilkS) (width 0.12))
    (fp_arc (start -28.295 6.67) (end -29.355 6.67) (angle -90) (layer F.SilkS) (width 0.12))
    (fp_arc (start 8.905 6.67) (end 9.965 6.67) (angle 90) (layer F.SilkS) (width 0.12))
    (fp_arc (start -20.088194 -0.93) (end -20.088194 -2.53) (angle -100) (layer F.Fab) (width 0.1))
    (fp_arc (start 0.698194 -0.93) (end 0.698194 -2.53) (angle 100) (layer F.Fab) (width 0.1))
    (fp_arc (start -19.259457 3.77) (end -19.259457 5.37) (angle 80) (layer F.Fab) (width 0.1))
    (fp_arc (start -0.130543 3.77) (end -0.130543 5.37) (angle -80) (layer F.Fab) (width 0.1))
    (fp_arc (start -20.076689 -0.93) (end -20.076689 -2.59) (angle -100) (layer F.SilkS) (width 0.12))
    (fp_arc (start 0.686689 -0.93) (end 0.686689 -2.59) (angle 100) (layer F.SilkS) (width 0.12))
    (fp_arc (start -19.247952 3.77) (end -19.247952 5.43) (angle 80) (layer F.SilkS) (width 0.12))
    (fp_arc (start -0.142048 3.77) (end -0.142048 5.43) (angle -80) (layer F.SilkS) (width 0.12))
    (fp_line (start -28.295 -4.83) (end 8.905 -4.83) (layer F.Fab) (width 0.1))
    (fp_line (start 9.905 -3.83) (end 9.905 6.67) (layer F.Fab) (width 0.1))
    (fp_line (start 8.905 7.67) (end -28.295 7.67) (layer F.Fab) (width 0.1))
    (fp_line (start -29.295 6.67) (end -29.295 -3.83) (layer F.Fab) (width 0.1))
    (fp_line (start -28.295 -4.89) (end 8.905 -4.89) (layer F.SilkS) (width 0.12))
    (fp_line (start 9.965 -3.83) (end 9.965 6.67) (layer F.SilkS) (width 0.12))
    (fp_line (start 8.905 7.73) (end -28.295 7.73) (layer F.SilkS) (width 0.12))
    (fp_line (start -29.355 6.67) (end -29.355 -3.83) (layer F.SilkS) (width 0.12))
    (fp_line (start -0.25 -5.784338) (end 0.25 -5.784338) (layer F.SilkS) (width 0.12))
    (fp_line (start 0.25 -5.784338) (end 0 -5.351325) (layer F.SilkS) (width 0.12))
    (fp_line (start 0 -5.351325) (end -0.25 -5.784338) (layer F.SilkS) (width 0.12))
    (fp_line (start -20.088194 -2.53) (end 0.698194 -2.53) (layer F.Fab) (width 0.1))
    (fp_line (start -19.259457 5.37) (end -0.130543 5.37) (layer F.Fab) (width 0.1))
    (fp_line (start 2.273887 -0.652163) (end 1.44515 4.047837) (layer F.Fab) (width 0.1))
    (fp_line (start -21.663887 -0.652163) (end -20.83515 4.047837) (layer F.Fab) (width 0.1))
    (fp_line (start -20.076689 -2.59) (end 0.686689 -2.59) (layer F.SilkS) (width 0.12))
    (fp_line (start -19.247952 5.43) (end -0.142048 5.43) (layer F.SilkS) (width 0.12))
    (fp_line (start 2.32147 -0.641744) (end 1.492733 4.058256) (layer F.SilkS) (width 0.12))
    (fp_line (start -21.71147 -0.641744) (end -20.882733 4.058256) (layer F.SilkS) (width 0.12))
    (fp_line (start -29.8 -5.35) (end -29.8 8.2) (layer F.CrtYd) (width 0.05))
    (fp_line (start -29.8 8.2) (end 10.45 8.2) (layer F.CrtYd) (width 0.05))
    (fp_line (start 10.45 8.2) (end 10.45 -5.35) (layer F.CrtYd) (width 0.05))
    (fp_line (start 10.45 -5.35) (end -29.8 -5.35) (layer F.CrtYd) (width 0.05))
    (fp_text user %R (at -9.695 1.42) (layer F.Fab)
      (effects (font (size 1 1) (thickness 0.15)))
    )
    (pad 1 thru_hole rect (at 0 0) (size 1.6 1.6) (drill 1) (layers *.Cu *.Mask)
      (net 153 "Net-(J11-Pad2)"))
    (pad 2 thru_hole circle (at -2.77 0) (size 1.6 1.6) (drill 1) (layers *.Cu *.Mask)
      (net 154 "Net-(J11-Pad6)"))
    (pad 3 thru_hole circle (at -5.54 0) (size 1.6 1.6) (drill 1) (layers *.Cu *.Mask)
      (net 155 "Net-(J11-Pad10)"))
    (pad 4 thru_hole circle (at -8.31 0) (size 1.6 1.6) (drill 1) (layers *.Cu *.Mask)
      (net 146 "Net-(J11-Pad14)"))
    (pad 5 thru_hole circle (at -11.08 0) (size 1.6 1.6) (drill 1) (layers *.Cu *.Mask)
      (net 55 "Net-(J11-Pad18)"))
    (pad 6 thru_hole circle (at -13.85 0) (size 1.6 1.6) (drill 1) (layers *.Cu *.Mask)
      (net 53 "Net-(J11-Pad22)"))
    (pad 7 thru_hole circle (at -16.62 0) (size 1.6 1.6) (drill 1) (layers *.Cu *.Mask)
      (net 51 "Net-(J11-Pad26)"))
    (pad 8 thru_hole circle (at -19.39 0) (size 1.6 1.6) (drill 1) (layers *.Cu *.Mask)
      (net 49 "Net-(J11-Pad30)"))
    (pad 9 thru_hole circle (at -1.385 2.84) (size 1.6 1.6) (drill 1) (layers *.Cu *.Mask)
      (net 156 "Net-(J11-Pad4)"))
    (pad 10 thru_hole circle (at -4.155 2.84) (size 1.6 1.6) (drill 1) (layers *.Cu *.Mask)
      (net 157 "Net-(J11-Pad8)"))
    (pad 11 thru_hole circle (at -6.925 2.84) (size 1.6 1.6) (drill 1) (layers *.Cu *.Mask)
      (net 145 "Net-(J11-Pad12)"))
    (pad 12 thru_hole circle (at -9.695 2.84) (size 1.6 1.6) (drill 1) (layers *.Cu *.Mask)
      (net 56 "Net-(J11-Pad16)"))
    (pad 13 thru_hole circle (at -12.465 2.84) (size 1.6 1.6) (drill 1) (layers *.Cu *.Mask)
      (net 54 "Net-(J11-Pad20)"))
    (pad 14 thru_hole circle (at -15.235 2.84) (size 1.6 1.6) (drill 1) (layers *.Cu *.Mask)
      (net 52 "Net-(J11-Pad24)"))
    (pad 15 thru_hole circle (at -18.005 2.84) (size 1.6 1.6) (drill 1) (layers *.Cu *.Mask)
